ACC=0.5881818181818181,  95%CI=[ 0.5318277]-[ 0.64453594], sd=0.14838246315485137
AUC=0.6636111111111112, 95%CI=[ 0.59599503]-[ 0.73122719],sd=0.17803562030887368
SENSITIVITY=0.6396176046176048, 95%CI=[ 0.57698359]-[ 0.70225162],sd=0.16491767046391215
SPECIFICITY=0.558234126984127, 95%CI=[ nan]-[ nan],sd=0.23900964398238342
