ACC=0.7794094794094794,  95%CI=[ 0.73106869]-[ 0.82775027], sd=0.12728307381764498
AUC=0.8353571428571429, 95%CI=[ 0.78110787]-[ 0.88960641],sd=0.14284032639117503
SENSITIVITY=0.7981168831168831, 95%CI=[ 0.75202074]-[ 0.84421303],sd=0.12137284289437095
SPECIFICITY=0.7801587301587303, 95%CI=[ 0.69409819]-[ 0.86621927],sd=0.22660057504279502
