ACC=0.6261904761904763,  95%CI=[ 0.5837912]-[ 0.66858976], sd=0.1116388632484746
AUC=0.6207341269841269, 95%CI=[ 0.55804861]-[ 0.68341965],sd=0.165053279618276
SENSITIVITY=0.656509139009139, 95%CI=[ 0.61317263]-[ 0.69984565],sd=0.11410663082053615
SPECIFICITY=0.6173352573352575, 95%CI=[ 0.55477134]-[ 0.67989918],sd=0.16473309564481986
