ACC=0.5701388888888889, 95%CI=0.5402737788820626-0.6000039988957151, sd=0.07863593215002211
AUC=0.591656746031746, 95%CI=0.5474503308770794-0.6358631611864126, sd=0.11639711562768439
SENSITIVITY=0.5842770954535662, 95%CI=0.5638354523516342-0.6047187385554982, sd=0.05382359748988289
SPECIFICITY=0.5601107226107227, 95%CI=nan-nan, sd=0.26476653222872265
