ACC=0.7530952380952382,  95%CI=[ 0.70850187]-[ 0.79768861]
AUC=0.836111111111111, 95%CI=[ 0.79002253]-[ 0.88219969]
SENSITIVITY=0.7748015873015873, 95%CI=[ 0.7323055]-[ 0.81729767]
SPECIFICITY=nan, 95%CI=[ nan]-[ nan]
