ACC=0.6545000000000001, 95%CI=0.615791213578231-0.6932087864217692, sd=0.1941055697867071
AUC=0.7505555555555555, 95%CI=0.7032912203158272-0.7978198907952838, sd=0.2370074489635242
SENSITIVITY=0.7427835051546392, 95%CI=nan-nan, sd=0.22766692598958382
SPECIFICITY=0.6310996563573883, 95%CI=nan-nan, sd=0.28155016873410027
