ACC=0.55, 95%CI=0.5393234927576299-0.5606765072423702, sd=0.07637626158259732
AUC=0.5575, 95%CI=0.5116393723654881-0.6033606276345119, sd=0.3280720195322972
SENSITIVITY=0.55, 95%CI=0.5393234927576299-0.5606765072423702, sd=0.07637626158259732
SPECIFICITY=nan, 95%CI=nan-nan, sd=nan
