ACC=0.5748333333333333, 95%CI=0.5426244256275438-0.6070422410391229, sd=0.16151186746902946
AUC=0.5966666666666667, 95%CI=0.5401016510647205-0.6532316822686128, sd=0.28364579720419786
SENSITIVITY=0.5911666666666666, 95%CI=0.5640202288806808-0.6183131044526524, sd=0.13612606493818719
SPECIFICITY=0.5575757575757575, 95%CI=nan-nan, sd=0.4313687187702847
