ACC=0.7723333333333332,  95%CI=[ 0.74941936]-[ 0.79524731], sd=0.16391911478066307
AUC=0.8247916666666666, 95%CI=[ 0.79584116]-[ 0.85374217],sd=0.20710251001081031
SENSITIVITY=0.7894761904761904, 95%CI=[ 0.76728747]-[ 0.81166491],sd=0.15873085793496794
SPECIFICITY=0.8188202247191011, 95%CI=[ nan]-[ nan],sd=0.276780435776111
