ACC=0.6018518518518519,  95%CI=[ 0.51512006]-[ 0.68858364]
AUC=0.6395833333333333, 95%CI=[ 0.55263406]-[ 0.7265326]
SENSITIVITY=0.6434358201902062, 95%CI=[ 0.55633652]-[ 0.73053512]
SPECIFICITY=0.5569496317045337, 95%CI=[ 0.45724349]-[ 0.65665577]
ACC=0.6358024691358024,  95%CI=[ 0.60299335]-[ 0.66861159]
AUC=0.6423611111111112, 95%CI=[ 0.60592945]-[ 0.67879277]
SENSITIVITY=0.6756409085373279, 95%CI=[ 0.64650702]-[ 0.7047748]
SPECIFICITY=0.6013157894736841, 95%CI=[ 0.55291627]-[ 0.6497153]
