ACC=0.7534900284900286,  95%CI=[ 0.72652189]-[ 0.78045816]
AUC=0.80685134863124, 95%CI=[ 0.77022173]-[ 0.84348097]
SENSITIVITY=0.7714993737699052, 95%CI=[ 0.74744796]-[ 0.79555078]
SPECIFICITY=0.7283170533170533, 95%CI=[ 0.67153371]-[ 0.78510039]
ACC=0.7923076923076924,  95%CI=[ 0.75602044]-[ 0.82859494]
AUC=0.8557140700483091, 95%CI=[ 0.80599358]-[ 0.90543456]
SENSITIVITY=0.8252880087866103, 95%CI=[ 0.77848917]-[ 0.87208685]
SPECIFICITY=0.7646164388682449, 95%CI=[ 0.69694362]-[ 0.83228926]
