ACC=0.5723514211886305,  95%CI=[ 0.52992876]-[ 0.61477408]
AUC=0.5929851046698873, 95%CI=[ 0.5173551]-[ 0.66861511]
SENSITIVITY=0.5957690663246219, 95%CI=[ 0.55622201]-[ 0.63531613]
SPECIFICITY=0.537338652956502, 95%CI=[ 0.48228082]-[ 0.59239648]
ACC=0.5591378905332394,  95%CI=[ 0.49047015]-[ 0.62780563]
AUC=0.5638385668276973, 95%CI=[ 0.49481168]-[ 0.63286545]
SENSITIVITY=0.587556539190722, 95%CI=[ 0.52572011]-[ 0.64939297]
SPECIFICITY=0.510717555673696, 95%CI=[ 0.41824584]-[ 0.60318927]
