ACC=0.6833333333333332, 95%CI=0.641413027716772-0.7252536389498945, sd=0.2998842369241097
AUC=0.77125, 95%CI=0.717588601123894-0.824911398876106, sd=0.3838762007470638
SENSITIVITY=0.7592592592592592, 95%CI=nan-nan, sd=0.32299318491569673
SPECIFICITY=0.6888185654008439, 95%CI=nan-nan, sd=0.3592774973546161
