ACC=0.55125, 95%CI=0.5159998615252024-0.5865001384747976, sd=0.2521680298487058
AUC=0.58125, 95%CI=0.5187408801205965-0.6437591198794036, sd=0.4471699201645835
SENSITIVITY=0.5586264656616415, 95%CI=nan-nan, sd=0.2504537714387168
SPECIFICITY=0.5254237288135594, 95%CI=nan-nan, sd=0.49079431307017823
