ACC=0.56, 95%CI=0.5502303910804932-0.5697696089195069, sd=0.04898979485566356
AUC=0.47124999999999995, 95%CI=0.43490143378221047-0.5075985662177894, sd=0.1822702236065459
SENSITIVITY=0.56, 95%CI=0.5502303910804932-0.5697696089195069, sd=0.04898979485566356
SPECIFICITY=nan, 95%CI=nan-nan, sd=nan
