ACC=0.5611666666666667, 95%CI=0.5256605412773978-0.5966727920559356, sd=0.17804579623106961
AUC=0.5720833333333334, 95%CI=0.5140618073621008-0.630104859304566, sd=0.29094948200718096
SENSITIVITY=0.5851666666666666, 95%CI=0.5505272149815361-0.6198061183517971, sd=0.17369985287526551
SPECIFICITY=0.5086580086580087, 95%CI=nan-nan, sd=0.3826090502728919
