ACC=0.6455555555555554,  95%CI=[ 0.58948162]-[ 0.70162949]
AUC=0.7111111111111111, 95%CI=[ 0.64803743]-[ 0.77418479]
SENSITIVITY=0.7052777777777777, 95%CI=[ 0.64512405]-[ 0.76543151]
SPECIFICITY=nan, 95%CI=[ nan]-[ nan]
