ACC=0.6144444444444445,  95%CI=[ 0.55709847]-[ 0.67179042], sd=0.2201318347976004
AUC=0.6648148148148149, 95%CI=[ 0.59211634]-[ 0.73751329],sd=0.2790649191154861
SENSITIVITY=0.6891666666666667, 95%CI=[ 0.6200025]-[ 0.75833083],sd=0.26549787262870933
SPECIFICITY=0.5426553672316384, 95%CI=[ nan]-[ nan],sd=0.33385934748401846
