ACC=0.8092857142857142,  95%CI=[ 0.76410065]-[ 0.85447078], sd=0.17345021569390748
AUC=0.857638888888889, 95%CI=[ 0.80710272]-[ 0.90817506],sd=0.19399128743004265
SENSITIVITY=0.8494444444444444, 95%CI=[ 0.80618628]-[ 0.89270261],sd=0.16605350171585895
SPECIFICITY=0.8053672316384181, 95%CI=[ nan]-[ nan],sd=0.27748942868458226
