ACC=0.821031746031746,  95%CI=[ 0.78425224]-[ 0.85781125]
AUC=0.8916666666666665, 95%CI=[ 0.85384696]-[ 0.92948638]
SENSITIVITY=0.866111111111111, 95%CI=[ 0.82773297]-[ 0.90448925]
SPECIFICITY=nan, 95%CI=[ nan]-[ nan]
