ACC=0.5892857142857142,  95%CI=[ 0.53718639]-[ 0.64138504], sd=0.19999173263335943
AUC=0.6384259259259258, 95%CI=[ 0.58157758]-[ 0.69527427],sd=0.21822160855185144
SENSITIVITY=0.623690476190476, 95%CI=[ 0.57045347]-[ 0.67692748],sd=0.2043588803189882
SPECIFICITY=0.5528735632183908, 95%CI=[ nan]-[ nan],sd=0.32032278277257387
