ACC=0.5809523809523809,  95%CI=[ 0.53805148]-[ 0.62385328]
AUC=0.5768518518518518, 95%CI=[ 0.50852877]-[ 0.64517493]
SENSITIVITY=0.6070238095238095, 95%CI=[ 0.56678592]-[ 0.6472617]
SPECIFICITY=nan, 95%CI=[ nan]-[ nan]
