ACC=0.5599999999999999, 95%CI=0.5192905824789195-0.6007094175210804, sd=0.20413775305470133
AUC=0.5663888888888889, 95%CI=0.5123518575294616-0.6204259202483163, sd=0.27096919669135006
SENSITIVITY=0.626736111111111, 95%CI=nan-nan, sd=0.2586185608039066
SPECIFICITY=0.515979381443299, 95%CI=nan-nan, sd=0.2980935753142017
