ACC=0.5545833333333333, 95%CI=0.5213560864242185-0.5878105802424481, sd=0.2376969212860968
AUC=0.60875, 95%CI=0.5490756338545874-0.6684243661454127, sd=0.4268910136088601
SENSITIVITY=0.5794473229706391, 95%CI=nan-nan, sd=0.25396824065160767
SPECIFICITY=0.5231481481481483, 95%CI=nan-nan, sd=0.4332848580040422
