ACC=0.7672435897435899,  95%CI=[0.75078917]-[0.78369801]
AUC=0.8500075483091787, 95%CI=[0.83258339]-[0.86743171]
SENSITIVITY=0.7869805119180917, 95%CI=[0.77022587]-[0.80373516]
SPECIFICITY=0.7477292501673307, 95%CI=[0.71711794]-[0.77834056]
