ACC=0.6064814814814815,  95%CI=[0.57829402]-[0.63466894]
AUC=0.6549999999999999, 95%CI=[0.62326947]-[0.68673053]
SENSITIVITY=0.627816100794788, 95%CI=[0.60394216]-[0.65169005]
SPECIFICITY=nan, 95%CI=[nan]-[nan]
