ACC=0.5909090909090909,  95%CI=[0.57405321]-[0.60776497]
AUC=0.6144338768115941, 95%CI=[0.59034919]-[0.63851857]
SENSITIVITY=0.6206599922430609, 95%CI=[0.60443816]-[0.63688182]
SPECIFICITY=0.5591163977190472, 95%CI=[0.53667895]-[0.58155384]
