ACC=0.6085648148148147, 95%CI=0.5623308559358005-0.654798773693829, sd=0.12173571276335775
AUC=0.6147288359788361, 95%CI=0.5562555694563636-0.6732021025013086, sd=0.15396225956644144
SENSITIVITY=0.6710074185074186, 95%CI=0.6207812812624712-0.721233555752366, sd=0.13224726510796814
SPECIFICITY=0.548162763162763, 95%CI=0.4964113335024015-0.5999141928231245, sd=0.13626341609016876
ACC=0.5527777777777778, 95%CI=0.5104549354981093-0.5951006200574464, sd=0.11143759902908108
AUC=0.5824470899470902, 95%CI=0.5367362821323721-0.6281578977618082, sd=0.1203582367859778
SENSITIVITY=0.6296763421763423, 95%CI=0.5813846200742306-0.6779680642784539, sd=0.127153878949764
SPECIFICITY=0.48467652717652704, 95%CI=0.43378721715557467-0.5355658371974794, sd=0.1339934233978839
