ACC=0.8857400932400933,  95%CI=[ 0.86968723]-[ 0.90179295], sd=0.08049721156749455
AUC=0.9511428571428572, 95%CI=[ 0.93897292]-[ 0.96331279],sd=0.061026257313001354
SENSITIVITY=0.8849444444444444, 95%CI=[ 0.86765712]-[ 0.90223177],sd=0.0866874651623644
SPECIFICITY=0.9159761904761905, 95%CI=[ 0.89156285]-[ 0.94038953],sd=0.12242091945118848
