ACC=0.6723636363636365,  95%CI=[ 0.64799496]-[ 0.69673232], sd=0.12219696875763214
AUC=0.7531249999999998, 95%CI=[ 0.72908926]-[ 0.77716074],sd=0.12052745048097734
SENSITIVITY=0.7096230158730158, 95%CI=[ 0.68231275]-[ 0.73693329],sd=0.1369476051550269
SPECIFICITY=0.6708095238095239, 95%CI=[ 0.63237648]-[ 0.70924257],sd=0.19272287213036465
