ACC=0.6448351648351648,  95%CI=[ 0.61974505]-[ 0.66992528], sd=0.12581462605921076
AUC=0.719642857142857, 95%CI=[ 0.68958563]-[ 0.74970008],sd=0.15072223141621777
SENSITIVITY=0.6515079920079918, 95%CI=[ 0.62969273]-[ 0.67332325],sd=0.10939282205293387
SPECIFICITY=0.6629870129870129, 95%CI=[ nan]-[ nan],sd=0.2062649047265053
