ACC=0.5526363636363637,  95%CI=[ 0.53305968]-[ 0.57221305], sd=0.0981674652808629
AUC=0.523125, 95%CI=[ 0.48684473]-[ 0.55940527],sd=0.181927731950843
SENSITIVITY=0.5722965367965367, 95%CI=[ 0.55639723]-[ 0.58819584],sd=0.07972720575947795
SPECIFICITY=0.4986224489795918, 95%CI=[ nan]-[ nan],sd=0.26427603369184954
