ACC=0.7036247086247088,  95%CI=[ 0.6826083]-[ 0.72464112], sd=0.10538699675939409
AUC=0.7240535714285714, 95%CI=[ 0.68704071]-[ 0.76106643],sd=0.18560134873031017
SENSITIVITY=0.7139828504828506, 95%CI=[ 0.69493884]-[ 0.73302686],sd=0.09549638107135464
SPECIFICITY=0.7755632360471071, 95%CI=[ nan]-[ nan],sd=0.21801748520933856
