ACC=0.6073626373626374,  95%CI=[ 0.58536868]-[ 0.62935659], sd=0.11028889181167001
AUC=0.6025148809523809, 95%CI=[ 0.56739166]-[ 0.6376381],sd=0.17612572397955226
SENSITIVITY=0.6150149017649017, 95%CI=[ 0.5947045]-[ 0.6353253],sd=0.101846705352263
SPECIFICITY=0.6648694002626586, 95%CI=[ nan]-[ nan],sd=0.2886739824439768
