ACC=0.5713333333333332, 95%CI=0.5378709371708766-0.6047957294957899, sd=0.16779749700159416
AUC=0.6065277777777779, 95%CI=0.5503326805618717-0.6627228749936841, sd=0.28179083801445515
SENSITIVITY=0.5846666666666667, 95%CI=0.5554874834973363-0.613845849835997, sd=0.1463192855823638
SPECIFICITY=0.5493827160493827, 95%CI=nan-nan, sd=0.4346485615378752
