ACC=0.6134141414141414, 95%CI=0.5731222500646026-0.6537060327636802, sd=0.14034967917907334
AUC=0.6273333333333333, 95%CI=0.57906343450928-0.6756032321573866, sd=0.1681396575601498
SENSITIVITY=0.6410555555555555, 95%CI=0.6027956332288696-0.6793154778822413, sd=0.13327167437693596
SPECIFICITY=0.591952380952381, 95%CI=0.5124273280183576-0.6714774338864045, sd=0.27701146042420194
