ACC=0.6141975308641976,  95%CI=[ 0.55626693]-[ 0.67212813]
AUC=0.6769097222222222, 95%CI=[ 0.59910846]-[ 0.75471099]
SENSITIVITY=0.6272420859007959, 95%CI=[ 0.579782]-[ 0.67470217]
SPECIFICITY=0.5938707815900798, 95%CI=[ 0.49332504]-[ 0.69441652]
ACC=0.6327160493827161,  95%CI=[ 0.57348834]-[ 0.69194376]
AUC=0.6763888888888888, 95%CI=[ 0.62030373]-[ 0.73247405]
SENSITIVITY=0.6735317866960379, 95%CI=[ 0.60017979]-[ 0.74688379]
SPECIFICITY=0.5950423033756367, 95%CI=[ 0.52595231]-[ 0.66413229]
