ACC=0.8350427350427351,  95%CI=[ 0.79463614]-[ 0.87544933]
AUC=0.894933826489533, 95%CI=[ 0.84302278]-[ 0.94684487]
SENSITIVITY=0.8430702469832904, 95%CI=[ 0.79342164]-[ 0.89271886]
SPECIFICITY=0.8378916567513058, 95%CI=[ 0.77051729]-[ 0.90526602]
ACC=0.8375356125356125,  95%CI=[ 0.80552284]-[ 0.86954839]
AUC=0.9277815519323672, 95%CI=[ 0.89023413]-[ 0.96532898]
SENSITIVITY=0.8293219794608684, 95%CI=[ 0.78257064]-[ 0.87607332]
SPECIFICITY=0.8682437932437933, 95%CI=[ 0.83527498]-[ 0.9012126]
