ACC=0.5876203899459713,  95%CI=[ 0.55598209]-[ 0.61925869]
AUC=0.6122936795491143, 95%CI=[ 0.5717375]-[ 0.65284986]
SENSITIVITY=0.5974638499097774, 95%CI=[ 0.5738263]-[ 0.6211014]
SPECIFICITY=0.5735543696070011, 95%CI=[ 0.5167866]-[ 0.63032214]
ACC=0.5855649518440216,  95%CI=[ 0.53046538]-[ 0.64066453]
AUC=0.6213667471819646, 95%CI=[ 0.5554044]-[ 0.68732909]
SENSITIVITY=0.600472092176764, 95%CI=[ 0.55525226]-[ 0.64569193]
SPECIFICITY=0.5567612942612943, 95%CI=[ 0.47661396]-[ 0.63690863]
