ACC=0.5691666666666666, 95%CI=0.5358881541716134-0.6024451791617198, sd=0.23806365862003287
AUC=0.604375, 95%CI=0.5433981777392398-0.6653518222607602, sd=0.43620836119336365
SENSITIVITY=0.5909090909090909, 95%CI=nan-nan, sd=0.24706211734616176
SPECIFICITY=0.5633802816901409, 95%CI=nan-nan, sd=0.4513639537735793
