ACC=0.5445833333333333, 95%CI=0.5035483736659284-0.5856182930007382, sd=0.2935507598544264
AUC=0.56125, 95%CI=0.49878387832431814-0.6237161216756819, sd=0.44686232499507045
SENSITIVITY=0.6032719836400817, 95%CI=nan-nan, sd=0.3400191406442432
SPECIFICITY=0.502267573696145, 95%CI=nan-nan, sd=0.3873404845926492
