ACC=0.9754744897959184,  95%CI=[0.96838865]-[0.98256033]
AUC=0.9953451047201047, 95%CI=[0.99257013]-[0.99812008]
SENSITIVITY=0.9519536019536019, 95%CI=[0.93180768]-[0.97209952]
SPECIFICITY=0.9850448395185238, 95%CI=[0.97751515]-[0.99257453]
