ACC=0.9739912280701754,  95%CI=[0.9662887]-[0.98169376]
AUC=0.9943910256410257, 95%CI=[0.99166415]-[0.9971179]
SENSITIVITY=0.9534410034410035, 95%CI=[0.93731871]-[0.9695633]
SPECIFICITY=0.9850834350834351, 95%CI=[0.97724865]-[0.99291822]
