ACC=0.713446229555652,  95%CI=[0.69052418]-[0.73636828]
AUC=0.7651619984953317, 95%CI=[0.74417775]-[0.78614625]
SENSITIVITY=0.7470463460775076, 95%CI=[0.70816774]-[0.78592496]
SPECIFICITY=0.7041187458898645, 95%CI=[0.68572451]-[0.72251299]
