ACC=0.710916179337232,  95%CI=[0.70033346]-[0.72149889]
AUC=0.6214337822671155, 95%CI=[0.584648]-[0.65821956]
SENSITIVITY=nan, 95%CI=[nan]-[nan]
SPECIFICITY=0.7265831646476807, 95%CI=[0.72165508]-[0.73151125]
