ACC=0.7626358170899684,  95%CI=[0.74674612]-[0.77852552]
AUC=0.7892382642382644, 95%CI=[0.77088986]-[0.80758667]
SENSITIVITY=0.7945198129756953, 95%CI=[0.75611347]-[0.83292616]
SPECIFICITY=0.7568150462262072, 95%CI=[0.74380279]-[0.7698273]
