ACC=0.8294372294372295,  95%CI=[0.80666098]-[0.85221348]
AUC=0.8998473748473749, 95%CI=[0.88124628]-[0.91844847]
SENSITIVITY=0.7644344898021368, 95%CI=[0.72531324]-[0.80355574]
SPECIFICITY=0.8861237960500984, 95%CI=[0.86200773]-[0.91023986]
