ACC=0.6095833333333333, 95%CI=0.5762973877675585-0.642869278899108, sd=0.23871436615987549
AUC=0.656875, 95%CI=0.5969763761784082-0.7167736238215918, sd=0.42957055226702867
SENSITIVITY=0.6350877192982456, 95%CI=0.6010667291503076-0.6691087094461836, sd=0.24398583129472126
SPECIFICITY=0.6646825396825397, 95%CI=0.6081544327157586-0.7212106466493207, sd=0.405398464590041
