ACC=0.8994761904761904,  95%CI=[ 0.88318879]-[ 0.91576359], sd=0.11651476019116046
AUC=0.9652083333333334, 95%CI=[ 0.95348995]-[ 0.97692672],sd=0.08382951242120985
SENSITIVITY=0.91475, 95%CI=[ 0.89768002]-[ 0.93181998],sd=0.12211307942504221
SPECIFICITY=0.9263819095477388, 95%CI=[ nan]-[ nan],sd=0.14646581872452386
