ACC=0.6838333333333334,  95%CI=[ 0.65715538]-[ 0.71051129], sd=0.19084541446475006
AUC=0.7769444444444445, 95%CI=[ 0.74816323]-[ 0.80572566],sd=0.2058914297978367
SENSITIVITY=0.733164983164983, 95%CI=[ nan]-[ nan],sd=0.20941630909134004
SPECIFICITY=0.6874779541446209, 95%CI=[ nan]-[ nan],sd=0.2816849867488824
