ACC=0.6395238095238095,  95%CI=[ 0.61231303]-[ 0.66673459], sd=0.19465709136826906
AUC=0.6636111111111112, 95%CI=[ 0.63042834]-[ 0.69679389],sd=0.23737878648186939
SENSITIVITY=0.687154761904762, 95%CI=[ 0.65429182]-[ 0.7200177],sd=0.2350907936610286
SPECIFICITY=0.6276923076923075, 95%CI=[ nan]-[ nan],sd=0.24428995177681578
