ACC=0.55, 95%CI=0.5393502174734928-0.5606497825265073, sd=0.07637626158259732
AUC=0.554375, 95%CI=0.5103642421896968-0.5983857578103031, sd=0.3156287128494491
SENSITIVITY=0.55, 95%CI=0.5393502174734928-0.5606497825265073, sd=0.07637626158259732
SPECIFICITY=nan, 95%CI=nan-nan, sd=nan
