ACC=0.59375, 95%CI=0.5504610982707085-0.6370389017292915, sd=0.30967472854593736
AUC=0.62875, 95%CI=0.5679202544884947-0.6895797455115054, sd=0.4351562219479344
SENSITIVITY=0.6697916666666667, 95%CI=nan-nan, sd=0.35914243682772373
SPECIFICITY=0.5683229813664596, 95%CI=nan-nan, sd=0.3795460810443285
