ACC=0.5705, 95%CI=0.5339791018432075-0.6070208981567925, sd=0.18405698091140751
AUC=0.6238888888888888, 95%CI=0.569216300072587-0.6785614777051907, sd=0.27553735378952404
SENSITIVITY=0.5796666666666667, 95%CI=0.5468900958711596-0.6124432374621738, sd=0.16518642666864478
SPECIFICITY=0.5671641791044776, 95%CI=0.4576604896378596-0.6766678685710956, sd=0.4489343393399397
