ACC=0.5740740740740741,  95%CI=[ 0.52177284]-[ 0.62637531], sd=0.06415002990995843
AUC=0.6354166666666666, 95%CI=[ 0.56529175]-[ 0.70554158],sd=0.0860116473055959
SENSITIVITY=0.6131780309941229, 95%CI=[ 0.55773984]-[ 0.66861622],sd=0.06799766050153522
SPECIFICITY=0.5268375721500721, 95%CI=[ nan]-[ nan],sd=0.08092412630500333
