ACC=0.773005698005698,  95%CI=[ 0.71883866]-[ 0.82717273], sd=0.06643852347824371
AUC=0.8470460950080515, 95%CI=[ 0.78525609]-[ 0.9088361],sd=0.07578847202283111
SENSITIVITY=0.784476412587357, 95%CI=[ 0.73510076]-[ 0.83385206],sd=0.06056165748953349
SPECIFICITY=0.7596741221741222, 95%CI=[ 0.68170567]-[ 0.83764257],sd=0.09563212337632697
