ACC=0.5675945501526898,  95%CI=[ 0.52163298]-[ 0.61355612], sd=0.05637412142936852
AUC=0.6249496779388084, 95%CI=[ 0.5671657]-[ 0.68273365],sd=0.07087488010714874
SENSITIVITY=0.5867670915261074, 95%CI=[ 0.54952141]-[ 0.62401277],sd=0.04568365357670429
SPECIFICITY=0.5497519894011123, 95%CI=[ 0.34174329]-[ 0.75776068],sd=0.25513286158276094
