ACC=0.6077777777777779, 95%CI=0.5252350668079088-0.690320488747647
AUC=0.6930555555555556, 95%CI=0.5955719979505304-0.7905391131605809
SENSITIVITY=0.6750000000000002, 95%CI=0.586250650903182-0.7637493490968184
SPECIFICITY=nan, 95%CI=nan-nan
