ACC=0.6324074074074075, 95%CI=0.5973455950700662-0.6674692197447488
AUC=0.6845833333333334, 95%CI=0.6454056232208687-0.7237610434457982
SENSITIVITY=0.6854232808341706, 95%CI=0.6505195818821458-0.7203269797861954
SPECIFICITY=0.5856378908541043, 95%CI=0.5481991920583743-0.6230765896498344
