ACC=0.7805128205128206, 95%CI=0.755929936807761-0.8050957042178801
AUC=0.8706672705314009, 95%CI=0.8473856020697342-0.8939489389930676
SENSITIVITY=0.8394592802668698, 95%CI=0.8175064340340426-0.861412126499697
SPECIFICITY=0.7183535951492608, 95%CI=0.6827300682793113-0.7539771220192103
