ACC=0.5806906272022551, 95%CI=0.5538011816942072-0.6075800727103029
AUC=0.6278623188405796, 95%CI=0.598458935485009-0.6572657021961503
SENSITIVITY=0.6151610667593861, 95%CI=0.5888495896749353-0.6414725438438369
SPECIFICITY=0.5445524743748597, 95%CI=0.5157049200785794-0.5734000286711399
