ACC=0.860374149659864,  95%CI=[0.84068024]-[0.88006806]
AUC=0.8700377460794129, 95%CI=[0.84302646]-[0.89704903]
SENSITIVITY=0.840462962962963, 95%CI=[0.78042936]-[0.90049656]
SPECIFICITY=0.868789265535392, 95%CI=[0.8548807]-[0.88269783]
