ACC=0.8358749437696807,  95%CI=[0.8162635]-[0.85548638]
AUC=0.8587290281734726, 95%CI=[0.83314802]-[0.88431004]
SENSITIVITY=0.8145146520146521, 95%CI=[0.76882773]-[0.86020158]
SPECIFICITY=0.849796580516746, 95%CI=[0.83230007]-[0.86729309]
