ACC=0.7260503391921062,  95%CI=[0.69945315]-[0.75264753]
AUC=0.7968933998100665, 95%CI=[0.77325617]-[0.82053063]
SENSITIVITY=0.7235580969950781, 95%CI=[0.67973201]-[0.76738418]
SPECIFICITY=0.7392985185625485, 95%CI=[0.71517649]-[0.76342055]
