ACC=0.7667282430213463,  95%CI=[0.75228759]-[0.7811689]
AUC=0.8067826755326757, 95%CI=[0.7882055]-[0.82535986]
SENSITIVITY=0.7730862108880684, 95%CI=[0.73535645]-[0.81081597]
SPECIFICITY=0.7710327772117634, 95%CI=[0.75732528]-[0.78474027]
