ACC=0.7106237816764135,  95%CI=[0.68779508]-[0.73345248]
AUC=0.7185947077613744, 95%CI=[0.66736449]-[0.76982493]
SENSITIVITY=nan, 95%CI=[nan]-[nan]
SPECIFICITY=0.7431168743517261, 95%CI=[0.72947889]-[0.75675486]
