ACC=0.5887310606060605,  95%CI=[0.56557509]-[0.61188703]
AUC=0.4685284391534392, 95%CI=[0.42916317]-[0.50789371]
SENSITIVITY=nan, 95%CI=[nan]-[nan]
SPECIFICITY=0.6251205886013078, 95%CI=[0.61256124]-[0.63767993]
