ACC=0.5662037037037037, 95%CI=0.5316226537739287-0.6007847536334786, sd=0.09105317527150451
AUC=0.5667195767195767, 95%CI=0.5232381888611914-0.610200964577962, sd=0.1144880921128119
SENSITIVITY=0.6306302956302957, 95%CI=0.5926272636778653-0.6686333275827261, sd=0.10006337969032698
SPECIFICITY=0.5021765271765272, 95%CI=0.45948573252822417-0.5448673218248301, sd=0.1124064311374432
