ACC=0.9669140800719748,  95%CI=[0.95881139]-[0.97501677]
AUC=0.9944721430832542, 95%CI=[0.99164226]-[0.99730202]
SENSITIVITY=0.9519980019980021, 95%CI=[0.9354702]-[0.9685258]
SPECIFICITY=0.975417877142015, 95%CI=[0.96573263]-[0.98510313]
