ACC=0.9745890022675735,  95%CI=[0.96654666]-[0.98263134]
AUC=0.9953015515515516, 95%CI=[0.99247284]-[0.99813026]
SENSITIVITY=0.947954822954823, 95%CI=[0.9274856]-[0.96842405]
SPECIFICITY=0.9849230390019863, 95%CI=[0.97737715]-[0.99246892]
