ACC=0.7171052631578946,  95%CI=[0.69963141]-[0.73457911]
AUC=0.6286566519899853, 95%CI=[0.58525799]-[0.67205532]
SENSITIVITY=nan, 95%CI=[nan]-[nan]
SPECIFICITY=0.7309958815811588, 95%CI=[0.72288765]-[0.73910411]
