ACC=0.7776683087027914,  95%CI=[0.75879464]-[0.79654198]
AUC=0.8062140712140712, 95%CI=[0.78562847]-[0.82679967]
SENSITIVITY=0.7983905500817265, 95%CI=[0.76129494]-[0.83548616]
SPECIFICITY=0.7743124512296371, 95%CI=[0.75711173]-[0.79151317]
