ACC=0.7424761023743447,  95%CI=[0.72324417]-[0.76170804]
AUC=0.7959230430063763, 95%CI=[0.77786594]-[0.81398015]
SENSITIVITY=0.7847093345151631, 95%CI=[0.74693084]-[0.82248783]
SPECIFICITY=0.7309659440226915, 95%CI=[0.7139784]-[0.74795349]
