ACC=0.8301767676767677,  95%CI=[0.8067505]-[0.85360304]
AUC=0.9039054232804233, 95%CI=[0.88381616]-[0.92399469]
SENSITIVITY=0.7655116642616643, 95%CI=[0.72537704]-[0.80564629]
SPECIFICITY=0.884708059318774, 95%CI=[0.86457225]-[0.90484387]
