ACC=0.6342592592592592, 95%CI=0.32550408651099644-0.943014432007522
AUC=0.6631613756613756, 95%CI=0.23025942127283994-1.0960633300499112
SENSITIVITY=0.6611111111111111, 95%CI=0.3615995323281795-0.9606226898940426
SPECIFICITY=0.5833333333333334, 95%CI=0.22477893917406044-0.9418877274926063
ACC=0.5578703703703703, 95%CI=0.41950379153623674-0.696236949204504
AUC=0.6207010582010583, 95%CI=0.4769947335578576-0.7644073828442589
SENSITIVITY=0.5778966131907309, 95%CI=0.5065898352133824-0.6492033911680795
SPECIFICITY=0.6333333333333333, 95%CI=-0.1652052178411102-1.431871884507777
ACC=0.5449074074074074, 95%CI=0.5026167181282242-0.5871980966865906
AUC=0.5598478835978837, 95%CI=0.5040718988429763-0.6156238683527911
SENSITIVITY=0.5733194120694122, 95%CI=0.5317058296130799-0.6149329945257445
SPECIFICITY=nan, 95%CI=nan-nan
ACC=0.60625, 95%CI=0.5592961294825302-0.6532038705174698
AUC=0.5987169312169313, 95%CI=0.5364998230332497-0.6609340394006128
SENSITIVITY=0.6491255041255042, 95%CI=0.6055609334200469-0.6926900748309615
SPECIFICITY=0.5555048655048656, 95%CI=0.4915335986174697-0.6194761323922614
