ACC=0.6224725274725275,  95%CI=[ 0.59492116]-[ 0.6500239], sd=0.13815659556445065
AUC=0.6437202380952382, 95%CI=[ 0.61269971]-[ 0.67474077],sd=0.15555274985068926
SENSITIVITY=0.6711904761904761, 95%CI=[ 0.63984957]-[ 0.70253139],sd=0.15715929046669483
SPECIFICITY=0.6033116883116884, 95%CI=[ 0.56998564]-[ 0.63663773],sd=0.1671137667581767
