ACC=0.5659722222222221, 95%CI=0.5217936656149498-0.6101507788294944
AUC=0.5810846560846561, 95%CI=0.5333405906004776-0.6288287215688346
SENSITIVITY=0.5896479446479446, 95%CI=0.5558417471649613-0.6234541421309279
SPECIFICITY=0.5163227513227514, 95%CI=0.4380745657206968-0.594570936924806
