ACC=0.5318333333333334, 95%CI=0.5072151653959266-0.5564515012707402, sd=0.12344803225109206
AUC=0.49722222222222223, 95%CI=0.45093191336099503-0.5435125310834494, sd=0.23212318462296302
SENSITIVITY=0.5368333333333333, 95%CI=0.5107374256940557-0.5629292409726109, sd=0.13085817173990746
SPECIFICITY=0.3589743589743589, 95%CI=nan-nan, sd=0.35034265184460794
