ACC=0.9765182186234819,  95%CI=[0.96962929]-[0.98340715]
AUC=0.9880658436213992, 95%CI=[0.9832805]-[0.99285119]
SENSITIVITY=0.9354578754578754, 95%CI=[0.91623616]-[0.95467959]
SPECIFICITY=0.9987654320987654, 95%CI=[0.99624046]-[1.00129041]
