ACC=0.9814484126984127,  95%CI=[0.97463558]-[0.98826125]
AUC=0.9902444110777444, 95%CI=[0.98522854]-[0.99526029]
SENSITIVITY=0.9369230769230771, 95%CI=[0.91323051]-[0.96061564]
SPECIFICITY=0.9991228070175439, 95%CI=[0.99732875]-[1.00091687]
