ACC=0.6119883040935673,  95%CI=[0.58095145]-[0.64302516]
AUC=0.6444094794094792, 95%CI=[0.60231863]-[0.68650033]
SENSITIVITY=0.38367699478447903, 95%CI=[0.34891262]-[0.41844137]
SPECIFICITY=0.8034171953939083, 95%CI=[0.77536571]-[0.83146868]
