ACC=0.755062185219447,  95%CI=[0.73309374]-[0.77703063]
AUC=0.8226320490209379, 95%CI=[0.80324646]-[0.84201763]
SENSITIVITY=0.7648444418448793, 95%CI=[0.72913059]-[0.80055829]
SPECIFICITY=0.7574602140542389, 95%CI=[0.73917347]-[0.77574696]
