ACC=0.7633825944170771,  95%CI=[0.74921611]-[0.77754908]
AUC=0.8265340340340341, 95%CI=[0.81214669]-[0.84092138]
SENSITIVITY=0.683984491786529, 95%CI=[0.65654292]-[0.71142606]
SPECIFICITY=0.8123142721467558, 95%CI=[0.80034323]-[0.82428532]
