ACC=0.8443813131313133,  95%CI=[0.82088539]-[0.86787724]
AUC=0.859570105820106, 95%CI=[0.83392655]-[0.88521366]
SENSITIVITY=0.7391908472790827, 95%CI=[0.70263027]-[0.77575143]
SPECIFICITY=0.9520458773389855, 95%CI=[0.93149095]-[0.97260081]
