ACC=0.6469696969696969,  95%CI=[ 0.59492699]-[ 0.6990124], sd=0.1370303566402533
AUC=0.6877777777777777, 95%CI=[ 0.62422954]-[ 0.75132602],sd=0.167324857760858
SENSITIVITY=0.6730158730158731, 95%CI=[ 0.61964685]-[ 0.72638489],sd=0.14052259120673724
SPECIFICITY=0.6501984126984127, 95%CI=[ 0.56446782]-[ 0.735929],sd=0.2257317996297189
