ACC=0.832808857808858,  95%CI=[ 0.79664086]-[ 0.86897685], sd=0.0952316624237213
AUC=0.9280952380952381, 95%CI=[ 0.90279031]-[ 0.95340017],sd=0.06662881578544319
SENSITIVITY=0.8419179894179893, 95%CI=[ 0.79786494]-[ 0.88597104],sd=0.11599329135599076
SPECIFICITY=0.8571428571428572, 95%CI=[ 0.80343503]-[ 0.91085068],sd=0.14141467517642298
