ACC=0.6360805860805862,  95%CI=[ 0.59244232]-[ 0.67971885], sd=0.11490116172612541
AUC=0.6635912698412698, 95%CI=[ 0.61199547]-[ 0.71518707],sd=0.13585363245557017
SENSITIVITY=0.6513095238095239, 95%CI=[ 0.61123229]-[ 0.69138676],sd=0.10552482695104799
SPECIFICITY=0.6379232804232804, 95%CI=[ 0.57292881]-[ 0.70291775],sd=0.17113283093312412
