ACC=0.6409523809523812, 95%CI=0.606894498366553-0.6750102635382094
AUC=0.4749999999999999, 95%CI=0.3710224384409446-0.5789775615590552
SENSITIVITY=0.6426190476190479, 95%CI=0.6176593151639215-0.6675787800741743
SPECIFICITY=nan, 95%CI=nan-nan
