C=10.000000. 
gamma=0.010000. 
Runs Max Accuracies: 0.732032967032967Happens at:Runs Max F1s: 0.6486707736707737