ACC=0.55, 95%CI=0.5393234927576299-0.5606765072423702, sd=0.07637626158259732
AUC=0.480625, 95%CI=0.43552778560110306-0.525722214398897, sd=0.3226108094515743
SENSITIVITY=0.55, 95%CI=0.5393234927576299-0.5606765072423702, sd=0.07637626158259732
SPECIFICITY=nan, 95%CI=nan-nan, sd=nan
