ACC=0.5988425925925925, 95%CI=0.5637493820550102-0.6339358031301748, sd=0.09240171297306479
AUC=0.6464748677248677, 95%CI=0.6052804635869165-0.687669271862819, sd=0.10846637993337722
SENSITIVITY=0.6290787888582007, 95%CI=0.5967580819295728-0.6613994957868286, sd=0.08510160908496257
SPECIFICITY=0.5837649897994726, 95%CI=nan-nan, sd=0.19179837605566852
