ACC=0.5561666666666667, 95%CI=0.5184939959429682-0.5938393373903652, sd=0.18890995797528046
AUC=0.57, 95%CI=0.5162157781475899-0.62378422185241, sd=0.26970148106543446
SENSITIVITY=0.5965986394557823, 95%CI=nan-nan, sd=0.2168884158765967
SPECIFICITY=0.4933333333333333, 95%CI=nan-nan, sd=0.3336646501585568
