ACC=0.8571225071225071,  95%CI=[ 0.81322858]-[ 0.90101643], sd=0.05383805091355977
AUC=0.929674919484702, 95%CI=[ 0.90082977]-[ 0.95852006],sd=0.035379984575586824
SENSITIVITY=0.8431300961044154, 95%CI=[ 0.79012418]-[ 0.89613601],sd=0.06501435270062275
SPECIFICITY=0.8998399748399749, 95%CI=[ 0.85675914]-[ 0.94292081],sd=0.05284075075175078
