ACC=0.6512345679012346,  95%CI=[ 0.6070729]-[ 0.69539623], sd=0.05416644683575383
AUC=0.7116319444444446, 95%CI=[ 0.64912828]-[ 0.77413561],sd=0.07666380454601202
SENSITIVITY=0.6715098247735819, 95%CI=[ 0.61707069]-[ 0.72594896],sd=0.06677226479480548
SPECIFICITY=0.6611009847851953, 95%CI=[ 0.57362052]-[ 0.74858145],sd=0.10729907394831535
