ACC=0.5647169368099602,  95%CI=[ 0.51487226]-[ 0.61456162], sd=0.06113694296162938
AUC=0.6120621980676328, 95%CI=[ 0.53247793]-[ 0.69164647],sd=0.09761400584877421
SENSITIVITY=0.5807635909387856, 95%CI=[ 0.54066372]-[ 0.62086346],sd=0.04918445255503938
SPECIFICITY=0.5354352447231704, 95%CI=[ 0.46510405]-[ 0.60576643],sd=0.08626465267479329
