ACC=0.5771313131313132, 95%CI=0.5368983720002475-0.6173642542623788, sd=0.14014433651648994
AUC=0.5935, 95%CI=0.5415660443467967-0.6454339556532034, sd=0.18090275165280256
SENSITIVITY=0.633436507936508, 95%CI=0.5901391212014163-0.6767338946715996, sd=0.1508187909285608
SPECIFICITY=0.5323888888888889, 95%CI=0.4692660941440513-0.5955116836337265, sd=0.2198770942388603
ACC=0.5646868686868688, 95%CI=0.5217114601301023-0.6076622772436353, sd=0.14969723687594577
AUC=0.5818333333333333, 95%CI=0.522182286163164-0.6414843805035026, sd=0.2077838754304311
SENSITIVITY=0.634015873015873, 95%CI=0.58395396496712-0.684077781064626, sd=0.1743818048346639
SPECIFICITY=0.5101311953352771, 95%CI=nan-nan, sd=0.2016126332773917
