ACC=0.52125, 95%CI=0.4932439063993396-0.5492560936006603, sd=0.20034648805950597
AUC=0.438125, 95%CI=0.37820331540982866-0.4980466845901713, sd=0.4286602493525613
SENSITIVITY=0.5342105263157895, 95%CI=nan-nan, sd=0.20767254393210424
SPECIFICITY=0.39716312056737585, 95%CI=nan-nan, sd=0.4032275101333285
