ACC=0.5604040404040405, 95%CI=0.5545743203560726-0.5662337604520084, sd=0.020306798986875256
AUC=0.4468333333333333, 95%CI=0.39392202519800157-0.49974464146866504, sd=0.18430718621065453
SENSITIVITY=0.5604040404040405, 95%CI=0.5545743203560726-0.5662337604520084, sd=0.020306798986875256
SPECIFICITY=nan, 95%CI=nan-nan, sd=nan
