ACC=0.7041958041958043, 95%CI=0.6360781512651339-0.7723134571264747
AUC=0.7589285714285714, 95%CI=0.6585733699212085-0.8592837729359343
SENSITIVITY=0.6966558441558443, 95%CI=0.6435946585187143-0.7497170297929742
SPECIFICITY=nan, 95%CI=nan-nan
