ACC=0.639090909090909, 95%CI=0.55379890097421-0.7243829172076081
AUC=0.6875, 95%CI=0.5868321234981355-0.7881678765018645
SENSITIVITY=0.6647222222222222, 95%CI=0.5901533485449774-0.7392910958994671
SPECIFICITY=0.6345238095238095, 95%CI=0.5111384870116215-0.7579091320359975
