ACC=0.6192307692307693, 95%CI=0.53674055485672-0.7017209836048185
AUC=0.6764880952380953, 95%CI=0.5942996748894686-0.758676515586722
SENSITIVITY=0.6469413919413919, 95%CI=0.562911392029221-0.7309713918535627
SPECIFICITY=nan, 95%CI=nan-nan
