ACC=0.6116666666666666, 95%CI=0.45610813852205756-0.7672251948112756
AUC=0.6611111111111112, 95%CI=0.42013310985857577-0.9020891123636466
SENSITIVITY=0.6583333333333333, 95%CI=0.4362574017780867-0.88040926488858
SPECIFICITY=nan, 95%CI=nan-nan
