ACC=0.5421616161616162, 95%CI=0.5048424852458955-0.5794807470773369, sd=0.1299945938458207
AUC=0.5325, 95%CI=0.4857700817166875-0.5792299182833125, sd=0.16277540764296472
SENSITIVITY=0.5713419913419914, 95%CI=0.5425269755913783-0.6001570070926044, sd=0.10037201234994358
SPECIFICITY=0.4952910052910053, 95%CI=nan-nan, sd=0.2942428561148521
