ACC=0.5766203703703704, 95%CI=0.5469645820502599-0.6062761586904809, sd=0.07808478045661317
AUC=0.5467427248677248, 95%CI=0.5023025295319716-0.591182920203478, sd=0.11701266743558798
SENSITIVITY=0.5891618566618568, 95%CI=0.5668476423816794-0.6114760709420343, sd=0.058754146216639304
SPECIFICITY=0.5417735042735043, 95%CI=nan-nan, sd=0.2993409197078754
