ACC=0.6668681318681319,  95%CI=[ 0.64078966]-[ 0.6929466], sd=0.13077074290380694
AUC=0.7089732142857144, 95%CI=[ 0.67893946]-[ 0.73900697],sd=0.1506045391384762
SENSITIVITY=0.6690574148074149, 95%CI=[ 0.64613553]-[ 0.6919793],sd=0.11494199585493735
SPECIFICITY=0.6908128908128909, 95%CI=[ nan]-[ nan],sd=0.20431698816358324
