ACC=0.69125, 95%CI=0.6504512395211218-0.7320487604788782, sd=0.292593467972202
AUC=0.78875, 95%CI=0.7387052282361782-0.8387947717638217, sd=0.35890240665116746
SENSITIVITY=0.7855691056910568, 95%CI=0.7434172049008887-0.8277210064812248, sd=0.30229768475933344
SPECIFICITY=0.6922290388548057, 95%CI=0.6440977679207731-0.7403603097888383, sd=0.34517949357282723
