ACC=0.8275238095238096,  95%CI=[ 0.8058413]-[ 0.84920632], sd=0.15510961671437046
AUC=0.9070833333333335, 95%CI=[ 0.88780332]-[ 0.92636335],sd=0.13792296058146214
SENSITIVITY=0.8557499999999999, 95%CI=[ 0.83432644]-[ 0.87717356],sd=0.1532572048333563
SPECIFICITY=0.8534031413612565, 95%CI=[ nan]-[ nan],sd=0.22895746170147466
