ACC=0.6611666666666666,  95%CI=[ 0.63543829]-[ 0.68689504], sd=0.1840524532723092
AUC=0.7191666666666666, 95%CI=[ 0.68851109]-[ 0.74982225],sd=0.21930005798471364
SENSITIVITY=0.6956666666666667, 95%CI=[ 0.66871208]-[ 0.72262125],sd=0.19282432995403415
SPECIFICITY=0.6477231329690346, 95%CI=[ nan]-[ nan],sd=0.3260580942763563
