ACC=0.6282142857142857,  95%CI=[ 0.60167195]-[ 0.65475662], sd=0.18987520516753884
AUC=0.6798611111111111, 95%CI=[ 0.64749457]-[ 0.71222765],sd=0.23153969175505246
SENSITIVITY=0.6542619047619047, 95%CI=[ 0.62432875]-[ 0.68419506],sd=0.21413203351618784
SPECIFICITY=0.6255208333333333, 95%CI=[ nan]-[ nan],sd=0.28648121752027333
