ACC=0.5604040404040405, 95%CI=0.5545743203560726-0.5662337604520084, sd=0.020306798986875256
AUC=0.53375, 95%CI=0.4870211534037286-0.5804788465962714, sd=0.16277167461065073
SENSITIVITY=0.5604040404040405, 95%CI=0.5545743203560726-0.5662337604520084, sd=0.020306798986875256
SPECIFICITY=nan, 95%CI=nan-nan, sd=nan
