ACC=0.565, 95%CI=0.518693699268403-0.6113063007315969, sd=0.33126021996812915
AUC=0.63625, 95%CI=0.5733649288921806-0.6991350711078194, sd=0.44985935302047464
SENSITIVITY=0.6227544910179641, 95%CI=nan-nan, sd=0.3822420432729757
SPECIFICITY=0.5392781316348195, 95%CI=nan-nan, sd=0.39194839097118733
