ACC=0.8265238095238095,  95%CI=[ 0.8054227]-[ 0.84762492], sd=0.15095051072898827
AUC=0.9152083333333334, 95%CI=[ 0.8953163]-[ 0.93510036],sd=0.14230112218461244
SENSITIVITY=0.8615, 95%CI=[ 0.84046147]-[ 0.88253853],sd=0.15050276852381597
SPECIFICITY=0.8407312925170066, 95%CI=[ nan]-[ nan],sd=0.2256521873496887
