ACC=0.6516666666666666,  95%CI=[ 0.62416806]-[ 0.67916527], sd=0.1967160954833697
AUC=0.7241666666666666, 95%CI=[ 0.69239827]-[ 0.75593506],sd=0.22726076146951477
SENSITIVITY=0.7226968174204355, 95%CI=[ nan]-[ nan],sd=0.2355303060204379
SPECIFICITY=0.6207044673539518, 95%CI=[ nan]-[ nan],sd=0.2915171767175897
