ACC=0.635,  95%CI=[ 0.61071461]-[ 0.65928539], sd=0.17372975991020667
AUC=0.6641666666666666, 95%CI=[ 0.63103983]-[ 0.69729351],sd=0.23697863502178868
SENSITIVITY=0.6516870064608759, 95%CI=[ nan]-[ nan],sd=0.17666753220046205
SPECIFICITY=0.6722807017543859, 95%CI=[ nan]-[ nan],sd=0.29200467157918714
