ACC=0.5644444444444445,  95%CI=[ 0.52777866]-[ 0.60111023]
AUC=0.5560185185185186, 95%CI=[ 0.48406061]-[ 0.62797642]
SENSITIVITY=0.573888888888889, 95%CI=[ 0.54477011]-[ 0.60300767]
SPECIFICITY=nan, 95%CI=[ nan]-[ nan]
