ACC=0.623015873015873,  95%CI=[ 0.58946608]-[ 0.65656566]
AUC=0.7027777777777776, 95%CI=[ 0.64334299]-[ 0.76221257]
SENSITIVITY=0.6250000000000001, 95%CI=[ 0.60065664]-[ 0.64934336]
SPECIFICITY=nan, 95%CI=[ nan]-[ nan]
