ACC=0.5337301587301586,  95%CI=[ 0.49087275]-[ 0.57658757]
AUC=0.5775462962962963, 95%CI=[ 0.51373154]-[ 0.64136105]
SENSITIVITY=0.5608730158730159, 95%CI=[ 0.51094848]-[ 0.61079755]
SPECIFICITY=nan, 95%CI=[ nan]-[ nan]
