ACC=0.608090909090909,  95%CI=[ 0.5810135]-[ 0.63516832], sd=0.1357799325476509
AUC=0.6359166666666667, 95%CI=[ 0.60268004]-[ 0.6691533],sd=0.16666539582848824
SENSITIVITY=0.6650396825396825, 95%CI=[ 0.63271677]-[ 0.69736259],sd=0.1620835312844295
SPECIFICITY=0.5659047619047619, 95%CI=[ 0.52767138]-[ 0.60413814],sd=0.19172163660120128
