ACC=0.6842249417249419,  95%CI=[ 0.65900879]-[ 0.70944109], sd=0.12644663507345746
AUC=0.7166428571428571, 95%CI=[ 0.68872656]-[ 0.74455915],sd=0.13998653360890373
SENSITIVITY=0.7389285714285713, 95%CI=[ 0.7146089]-[ 0.76324825],sd=0.1219512366457411
SPECIFICITY=0.6267420634920635, 95%CI=[ 0.59106225]-[ 0.66242188],sd=0.17891675511997368
