ACC=0.5328703703703703, 95%CI=0.4907819283688971-0.5749588123718435
AUC=0.5335449735449735, 95%CI=0.47915628817425265-0.5879336589156945
SENSITIVITY=0.6044413919413921, 95%CI=0.5549459776864115-0.6539368061963727
SPECIFICITY=0.4757933732933733, 95%CI=0.43190698648412823-0.5196797601026184
