ACC=0.8802855477855477,  95%CI=[ 0.86385696]-[ 0.89671414], sd=0.0823813232306517
AUC=0.9560000000000002, 95%CI=[ 0.94484069]-[ 0.96715931],sd=0.055958439388313096
SENSITIVITY=0.886031746031746, 95%CI=[ 0.86734787]-[ 0.90471562],sd=0.09369045097920235
SPECIFICITY=0.9063571428571429, 95%CI=[ 0.88161088]-[ 0.93110341],sd=0.12409036600091228
