ACC=0.6625454545454547,  95%CI=[ 0.63523071]-[ 0.6898602], sd=0.136970045588186
AUC=0.7477083333333335, 95%CI=[ 0.72016746]-[ 0.7752492],sd=0.13810394510215043
SENSITIVITY=0.6945753968253967, 95%CI=[ 0.66718036]-[ 0.72197043],sd=0.13737265404361654
SPECIFICITY=0.6474146224146223, 95%CI=[ nan]-[ nan],sd=0.21672288888369154
