ACC=0.637087912087912,  95%CI=[ 0.61406296]-[ 0.66011286], sd=0.11545883275062876
AUC=0.7004613095238095, 95%CI=[ 0.67110479]-[ 0.72981783],sd=0.14720854486521842
SENSITIVITY=0.6399823232323232, 95%CI=[ 0.61871958]-[ 0.66124507],sd=0.1066222226572121
SPECIFICITY=0.6613333333333334, 95%CI=[ 0.62480459]-[ 0.69786208],sd=0.18317374624981808
