ACC=0.5537037037037038, 95%CI=0.5226019290781462-0.5848054783292614
AUC=0.5594576719576719, 95%CI=0.5155329744749882-0.6033823694403556
SENSITIVITY=0.5846457219251338, 95%CI=0.5580169311656099-0.6112745126846576
SPECIFICITY=0.5207912457912458, 95%CI=0.44039097413329925-0.6011915174491924
ACC=0.6066666666666667, 95%CI=0.4530339541484493-0.760299379184884
AUC=0.6805555555555556, 95%CI=0.5350606866726301-0.8260504244384811
SENSITIVITY=0.6583333333333333, 95%CI=0.5032629288574105-0.8134037378092561
SPECIFICITY=nan, 95%CI=nan-nan
