ACC=0.6480519480519481,  95%CI=[ 0.60992612]-[ 0.68617778]
AUC=0.6770370370370371, 95%CI=[ 0.61695326]-[ 0.73712081]
SENSITIVITY=0.7043356643356643, 95%CI=[ 0.6580648]-[ 0.75060653]
SPECIFICITY=0.6136616161616162, 95%CI=[ 0.55772347]-[ 0.66959976]
