ACC=0.6417027417027417,  95%CI=[ 0.57534986]-[ 0.70805562], sd=0.1157549818515741
AUC=0.6853086419753087, 95%CI=[ 0.62250708]-[ 0.7481102],sd=0.10955957193170972
SENSITIVITY=0.6782763532763533, 95%CI=[ 0.61490023]-[ 0.74165247],sd=0.11056191432795848
SPECIFICITY=0.6139734339734341, 95%CI=[ 0.52014547]-[ 0.7078014],sd=0.16368624850018007
