ACC=0.792719806763285,  95%CI=[ 0.75694476]-[ 0.82849485]
AUC=0.8495238095238097, 95%CI=[ 0.80455486]-[ 0.89449276]
SENSITIVITY=0.8203177487001018, 95%CI=[ 0.78870036]-[ 0.85193513]
SPECIFICITY=0.7711447811447811, 95%CI=[ 0.70407044]-[ 0.83821912]
