ACC=0.801768115942029,  95%CI=[ 0.75578492]-[ 0.84775131], sd=0.08021933455789203
AUC=0.8665502645502644, 95%CI=[ 0.82612873]-[ 0.9069718],sd=0.0705168257576133
SENSITIVITY=0.8011117726442804, 95%CI=[ 0.76420661]-[ 0.83801694],sd=0.06438238984233308
SPECIFICITY=0.8156613756613758, 95%CI=[ 0.74290261]-[ 0.88842014],sd=0.1269302851021461
