ACC=0.6159544159544159,  95%CI=[ 0.5653074]-[ 0.66660143], sd=0.08835553578122275
AUC=0.6169047619047617, 95%CI=[ 0.56794063]-[ 0.66586889],sd=0.08541968774039105
SENSITIVITY=0.6241299386887622, 95%CI=[ 0.58553773]-[ 0.66272215],sd=0.06732549195222905
SPECIFICITY=0.6309625559625559, 95%CI=[ 0.52880321]-[ 0.7331219],sd=0.1782206419512676
