ACC=0.6207977207977209,  95%CI=[ 0.57794197]-[ 0.66365347]
AUC=0.6226984126984128, 95%CI=[ 0.56177133]-[ 0.6836255]
SENSITIVITY=0.6254308786042532, 95%CI=[ 0.59161245]-[ 0.65924931]
SPECIFICITY=0.6207129907129907, 95%CI=[ 0.55091627]-[ 0.69050971]
