ACC=0.6233333333333333, 95%CI=0.4365710657679926-0.8100956008986739
AUC=0.5638888888888889, 95%CI=0.3325243838005658-0.795253393977212
SENSITIVITY=0.6916666666666667, 95%CI=0.47755694681663863-0.9057763865166947
SPECIFICITY=0.5933333333333334, 95%CI=0.38981678087843535-0.7968498857882313
ACC=0.695, 95%CI=0.545657644985986-0.8443423550140139
AUC=0.6722222222222223, 95%CI=0.49929482313722545-0.8451496213072192
SENSITIVITY=0.75, 95%CI=0.5885670284172152-0.9114329715827848
SPECIFICITY=0.6666666666666666, 95%CI=0.48893481445734716-0.8443985188759862
ACC=0.6816666666666666, 95%CI=0.5923663591638436-0.7709669741694897
AUC=0.6583333333333334, 95%CI=0.48458333961438604-0.8320833270522808
SENSITIVITY=0.7366666666666667, 95%CI=0.5930663691392858-0.8802669641940476
SPECIFICITY=nan, 95%CI=nan-nan
