ACC=0.81,  95%CI=[ 0.76594488]-[ 0.85405512], sd=0.20916943335930288
AUC=0.8851851851851852, 95%CI=[ 0.8414368]-[ 0.92893357],sd=0.2077130684209998
SENSITIVITY=0.8557407407407407, 95%CI=[ 0.81510865]-[ 0.89637283],sd=0.1929171944015038
SPECIFICITY=0.821138211382114, 95%CI=[ nan]-[ nan],sd=0.2872405012508864
