ACC=0.8164814814814815,  95%CI=[ 0.77964449]-[ 0.85331848]
AUC=0.9120370370370371, 95%CI=[ 0.87181179]-[ 0.95226228]
SENSITIVITY=0.8679629629629629, 95%CI=[ 0.8313731]-[ 0.90455283]
SPECIFICITY=nan, 95%CI=[ nan]-[ nan]
