ACC=0.5544444444444445,  95%CI=[ 0.50722717]-[ 0.60166172]
AUC=0.5675925925925926, 95%CI=[ 0.50350881]-[ 0.63167637]
SENSITIVITY=0.5857407407407408, 95%CI=[ 0.5331495]-[ 0.63833199]
SPECIFICITY=nan, 95%CI=[ nan]-[ nan]
