ACC=0.5394343434343435, 95%CI=0.4986958065769524-0.5801728802917345, sd=0.1419054898306515
AUC=0.5469166666666667, 95%CI=0.5054552002633274-0.5883781330700061, sd=0.14442368707690886
SENSITIVITY=0.5673614718614719, 95%CI=0.5362538800413382-0.5984690636816056, sd=0.10835779571909576
SPECIFICITY=0.462015503875969, 95%CI=nan-nan, sd=0.2920860900442812
