ACC=0.55, 95%CI=0.5393502174734928-0.5606497825265073, sd=0.07637626158259732
AUC=0.495, 95%CI=0.4380432175074699-0.5519567824925301, sd=0.40847276531000204
SENSITIVITY=0.55, 95%CI=0.5393502174734928-0.5606497825265073, sd=0.07637626158259732
SPECIFICITY=nan, 95%CI=nan-nan, sd=nan
