ACC=0.979059829059829, 95%CI=0.9707677950854305-0.9873518630342275
AUC=0.9926321620766067, 95%CI=0.9880381552912142-0.9972261688619991
SENSITIVITY=0.9628205128205128, 95%CI=0.9477027685790467-0.977938257061979
SPECIFICITY=0.9875932709266043, 95%CI=0.9792856634694991-0.9959008783837096
ACC=0.9816914080071973, 95%CI=0.9753111566380618-0.9880716593763329
AUC=0.9929526748971192, 95%CI=0.9888350172025441-0.9970703325916944
SENSITIVITY=0.9611111111111111, 95%CI=0.9463299266217654-0.9758922956004569
SPECIFICITY=0.9925858092524759, 95%CI=0.9859512575396683-0.9992203609652834
