ACC=0.9786989795918367, 95%CI=0.9699417882005978-0.9874561709830756
AUC=0.9938626126126127, 95%CI=0.9889988232303302-0.9987264019948952
SENSITIVITY=0.9614912864912866, 95%CI=0.9391216641553105-0.9838609088272626
SPECIFICITY=0.9858361282045492, 95%CI=0.9781494461802352-0.9935228102288632
ACC=0.9772959183673469, 95%CI=0.9704649777187088-0.984126859015985
AUC=0.9945779112445778, 95%CI=0.9907938802492892-0.9983619422398665
SENSITIVITY=0.953990453990454, 95%CI=0.9339232844634743-0.9740576235174337
SPECIFICITY=0.9866934748513695, 95%CI=0.9799693304840978-0.9934176192186411
