ACC=0.7736658456486042, 95%CI=0.7555327061854564-0.791798985111752
AUC=0.8070536608036608, 95%CI=0.7854885545804238-0.8286187670268979
SENSITIVITY=0.7438716031990026, 95%CI=0.704280296993844-0.7834629094041612
SPECIFICITY=0.7922655460911252, 95%CI=0.7730732722411922-0.8114578199410583
ACC=0.747475369458128, 95%CI=0.7274923634342579-0.767458375481998
AUC=0.8001619476619479, 95%CI=0.7828947024971995-0.8174291928266963
SENSITIVITY=0.6877446994695279, 95%CI=0.6514775210820267-0.724011877857029
SPECIFICITY=0.7806471712195596, 95%CI=0.7648899063997358-0.7964044360393835
