ACC=0.7388985250282661, 95%CI=0.7152432430959489-0.7625538069605834
AUC=0.7958448650115317, 95%CI=0.7722756305367954-0.8194140994862681
SENSITIVITY=0.7391807918379462, 95%CI=0.7022529201661276-0.7761086635097647
SPECIFICITY=0.7468321247174259, 95%CI=0.7264911850854441-0.7671730643494077
ACC=0.7389576266831123, 95%CI=0.7156749210589736-0.762240332307251
AUC=0.7976168430335095, 95%CI=0.770103037076064-0.8251306489909551
SENSITIVITY=0.7333625314314168, 95%CI=0.7025019610246092-0.7642231018382245
SPECIFICITY=0.7514616795151757, 95%CI=0.7264890485222643-0.7764343105080872
