ACC=0.7071150097465886, 95%CI=0.6861311743500854-0.7280988451430918
AUC=0.6512449279115947, 95%CI=0.6126147786268037-0.6898750771963857
SENSITIVITY=nan, 95%CI=nan-nan
SPECIFICITY=0.7320730238736268, 95%CI=0.7214523856657277-0.742693662081526
ACC=0.7063352826510721, 95%CI=0.6928188748310015-0.7198516904711428
AUC=0.6927954761288094, 95%CI=0.6549275781930695-0.7306633740645494
SENSITIVITY=nan, 95%CI=nan-nan
SPECIFICITY=0.732048539910382, 95%CI=0.7203205717610734-0.7437765080596905
