ACC=0.824905303030303, 95%CI=0.8009105877224807-0.8489000183381252
AUC=0.8972354497354496, 95%CI=0.8769665116020718-0.9175043878688273
SENSITIVITY=0.7616365687689218, 95%CI=0.7198600251028726-0.803413112434971
SPECIFICITY=0.8783942866932501, 95%CI=0.8583423561802499-0.8984462172062504
ACC=0.8228219696969697, 95%CI=0.7942327797664895-0.85141115962745
AUC=0.8834060846560848, 95%CI=0.8609018434905981-0.9059103258215716
SENSITIVITY=0.7576060867237339, 95%CI=0.7157850917159367-0.799427081731531
SPECIFICITY=0.8746056649088685, 95%CI=0.8462862010374117-0.9029251287803253
