ACC=0.7732193732193732,  95%CI=[ 0.73522613]-[ 0.81121262], sd=0.04660057796605702
AUC=0.823407306763285, 95%CI=[ 0.77020159]-[ 0.87661303],sd=0.06525942201741637
SENSITIVITY=0.8240920803889319, 95%CI=[ 0.77107203]-[ 0.87711213],sd=0.06503169118339858
SPECIFICITY=0.70864723702701, 95%CI=[ 0.6755395]-[ 0.74175498],sd=0.040608264459825724
