ACC=0.6234567901234568,  95%CI=[ 0.57213323]-[ 0.67478035], sd=0.06295085819250348
AUC=0.6499999999999999, 95%CI=[ 0.58217558]-[ 0.71782442],sd=0.08318998086708919
SENSITIVITY=0.6799048017647051, 95%CI=[ 0.62265791]-[ 0.73715169],sd=0.07021611684773603
SPECIFICITY=0.581489370800965, 95%CI=[ 0.52114795]-[ 0.64183079],sd=0.0740117057040344
