ACC=0.5691801738313367,  95%CI=[ 0.50150483]-[ 0.63685552], sd=0.08300713153662861
AUC=0.6143518518518518, 95%CI=[ 0.53959979]-[ 0.68910391],sd=0.09168706284396556
SENSITIVITY=0.5882627865961199, 95%CI=[ 0.53077515]-[ 0.64575042],sd=0.07051140429118571
SPECIFICITY=0.5412723456454107, 95%CI=[ 0.4570565]-[ 0.62548819],sd=0.10329486306088134
