ACC=0.47884615384615387, 95%CI=0.4356045192186438-0.522087788473664
AUC=0.48161375661375666, 95%CI=0.4373903452348384-0.5258371679926749
SENSITIVITY=0.4942053317053317, 95%CI=0.45431720423485067-0.5340934591758127
SPECIFICITY=nan, 95%CI=nan-nan
