ACC=0.5780092592592593, 95%CI=0.5459547742885116-0.610063744230007, sd=0.08440063688657042
AUC=0.6411607142857143, 95%CI=0.5967472244105418-0.6855742041608868, sd=0.11694235097648988
SENSITIVITY=0.5912286297580416, 95%CI=0.5651620332526592-0.6172952262634239, sd=0.06863430651053119
SPECIFICITY=0.5479319291819291, 95%CI=nan-nan, sd=0.29600330400771485
