ACC=0.5474141414141415, 95%CI=0.5063581626670759-0.588470120161207, sd=0.14301124252385017
AUC=0.5535, 95%CI=0.5053213675264446-0.6016786324735554, sd=0.1678217473657359
SENSITIVITY=0.6158809523809524, 95%CI=0.5663377540114358-0.665424150750469, sd=0.17257497138432132
SPECIFICITY=0.4885555555555555, 95%CI=0.43578953088494266-0.5413215802261684, sd=0.18380111695005744
