ACC=0.8271678321678322,  95%CI=[ 0.80833063]-[ 0.84600503], sd=0.09445932814227057
AUC=0.9029999999999998, 95%CI=[ 0.88552153]-[ 0.92047847],sd=0.08764597153623556
SENSITIVITY=0.8486973304473302, 95%CI=[ 0.82862227]-[ 0.86877239],sd=0.100666578676134
SPECIFICITY=0.8384166666666666, 95%CI=[ 0.80822443]-[ 0.86860891],sd=0.15139926107096582
