ACC=0.651090909090909,  95%CI=[ 0.62641949]-[ 0.67576233], sd=0.12371508189223862
AUC=0.730375, 95%CI=[ 0.70089722]-[ 0.75985278],sd=0.14781662696846162
SENSITIVITY=0.6694007936507937, 95%CI=[ 0.64380331]-[ 0.69499827],sd=0.12835880291035945
SPECIFICITY=0.6678690476190476, 95%CI=[ 0.62235681]-[ 0.71338129],sd=0.2282215511052558
