ACC=0.6150549450549451,  95%CI=[ 0.59211544]-[ 0.63799445], sd=0.11503038246581052
AUC=0.6583482142857143, 95%CI=[ 0.6334291]-[ 0.68326733],sd=0.1249571381659085
SENSITIVITY=0.6461839826839828, 95%CI=[ 0.62218943]-[ 0.67017854],sd=0.12032092116291794
SPECIFICITY=0.6139404761904761, 95%CI=[ 0.57695644]-[ 0.65092451],sd=0.1854567867454222
