ACC=0.876268115942029,  95%CI=[ 0.85577892]-[ 0.89675731], sd=0.07137048636727662
AUC=0.9559079365079367, 95%CI=[ 0.94555491]-[ 0.96626097],sd=0.036062951175241845
SENSITIVITY=0.9197293050087165, 95%CI=[ 0.90061379]-[ 0.93884482],sd=0.06658550281807453
SPECIFICITY=0.8363907203907205, 95%CI=[ 0.8052921]-[ 0.86748934],sd=0.10832653950145875
