ACC=0.7062770562770563,  95%CI=[ 0.67935968]-[ 0.73319443], sd=0.09376192664776832
AUC=0.7973888888888889, 95%CI=[ 0.77096136]-[ 0.82381641],sd=0.09205560770988785
SENSITIVITY=0.7572777222777224, 95%CI=[ 0.7289064]-[ 0.78564904],sd=0.09882647855939261
SPECIFICITY=0.6624607059607059, 95%CI=[ 0.63169363]-[ 0.69322778],sd=0.10717166210852991
