ACC=0.562121212121212,  95%CI=[ 0.52995321]-[ 0.59428922]
AUC=0.5758333333333333, 95%CI=[ 0.49496438]-[ 0.65670229]
SENSITIVITY=0.5699795574795575, 95%CI=[ 0.54707297]-[ 0.59288615]
SPECIFICITY=nan, 95%CI=[ nan]-[ nan]
