ACC=0.6137723387723387,  95%CI=[ 0.58981166]-[ 0.63773302]
AUC=0.6855357142857145, 95%CI=[ 0.63685016]-[ 0.73422127]
SENSITIVITY=0.6160761460761461, 95%CI=[ 0.59794819]-[ 0.6342041]
SPECIFICITY=nan, 95%CI=[ nan]-[ nan]
