ACC=0.5750915750915752,  95%CI=[ 0.53380286]-[ 0.61638029]
AUC=0.6250992063492063, 95%CI=[ 0.56808792]-[ 0.68211049]
SENSITIVITY=0.5940758315758317, 95%CI=[ 0.5504532]-[ 0.63769847]
SPECIFICITY=nan, 95%CI=[ nan]-[ nan]
