ACC=0.56, 95%CI=0.5502303910804932-0.5697696089195069, sd=0.04898979485566356
AUC=0.5163888888888889, 95%CI=0.4787074286892445-0.5540703490885334, sd=0.18895403288421733
SENSITIVITY=0.56, 95%CI=0.5502303910804932-0.5697696089195069, sd=0.04898979485566356
SPECIFICITY=nan, 95%CI=nan-nan, sd=nan
