ACC=0.7482193732193732,  95%CI=[ 0.7069347]-[ 0.78950404], sd=0.050637669636875667
AUC=0.8271185587761675, 95%CI=[ 0.78168524]-[ 0.87255188],sd=0.05572619307811799
SENSITIVITY=0.7529733801098119, 95%CI=[ 0.70942561]-[ 0.79652115],sd=0.0534134764922641
SPECIFICITY=0.7740512211100445, 95%CI=[ 0.68365506]-[ 0.86444739],sd=0.11087532915940806
