ACC=0.5771604938271605,  95%CI=[ 0.53753306]-[ 0.61678792], sd=0.0486049868766161
AUC=0.6038194444444445, 95%CI=[ 0.54791246]-[ 0.65972643],sd=0.06857265285181702
SENSITIVITY=0.6217511192511193, 95%CI=[ 0.5706902]-[ 0.67281204],sd=0.06262872015838504
SPECIFICITY=0.46773532425706343, 95%CI=[ 0.3265971]-[ 0.60887354],sd=0.1731129469655614
