ACC=0.5953723279304675,  95%CI=[ 0.52368213]-[ 0.66706252], sd=0.08793153825968412
AUC=0.6280897745571659, 95%CI=[ 0.54374544]-[ 0.71243411],sd=0.1034524669327526
SENSITIVITY=0.6066078485433324, 95%CI=[ 0.54609051]-[ 0.66712519],sd=0.07422748063504213
SPECIFICITY=0.6024508627281544, 95%CI=[ 0.49305373]-[ 0.71184799],sd=0.1341809415944646
