ACC=0.6370299145299146,  95%CI=[ 0.62319752]-[ 0.65086231]
AUC=0.6910193991545894, 95%CI=[ 0.66036245]-[ 0.72167635]
SENSITIVITY=0.6283218563765298, 95%CI=[ 0.61736125]-[ 0.63928246]
SPECIFICITY=nan, 95%CI=[ nan]-[ nan]
