ACC=0.5787037037037037,  95%CI=[ 0.55741465]-[ 0.59999276]
AUC=0.59765625, 95%CI=[ 0.55602763]-[ 0.63928487]
SENSITIVITY=0.5788635532725317, 95%CI=[ 0.56401854]-[ 0.59370857]
SPECIFICITY=nan, 95%CI=[ nan]-[ nan]
