ACC=0.577801268498943,  95%CI=[ 0.55833483]-[ 0.59726771]
AUC=0.61138134057971, 95%CI=[ 0.58283888]-[ 0.6399238]
SENSITIVITY=0.6027611395931474, 95%CI=[ 0.5825797]-[ 0.62294258]
SPECIFICITY=0.5741841681471455, 95%CI=[ 0.52942554]-[ 0.61894279]
