ACC=0.6305555555555558,  95%CI=[0.60741823]-[0.65369288]
AUC=0.6853124999999999, 95%CI=[0.65789472]-[0.71273028]
SENSITIVITY=0.6922188256982644, 95%CI=[0.66804483]-[0.71639282]
SPECIFICITY=0.5806393289883666, 95%CI=[0.55264195]-[0.60863671]
