ACC=0.8034829059829061,  95%CI=[0.78448732]-[0.82247849]
AUC=0.8785929951690822, 95%CI=[0.86212829]-[0.8950577]
SENSITIVITY=0.8670397272943375, 95%CI=[0.84777926]-[0.8863002]
SPECIFICITY=0.7353220870092254, 95%CI=[0.7061189]-[0.76452527]
