ACC=0.6180937279774489,  95%CI=[0.5936607]-[0.64252676]
AUC=0.6402747584541062, 95%CI=[0.61217456]-[0.66837495]
SENSITIVITY=0.6591407517744283, 95%CI=[0.63498288]-[0.68329862]
SPECIFICITY=0.5817105695069867, 95%CI=[0.55418135]-[0.60923979]
