ACC=0.6777777777777777,  95%CI=[ 0.64904657]-[ 0.70650899], sd=0.05983516452371672
AUC=0.7720833333333335, 95%CI=[ 0.74441664]-[ 0.79975003],sd=0.05761821918541709
SENSITIVITY=0.7041049187813565, 95%CI=[ 0.67575825]-[ 0.73245158],sd=0.05903431872264909
SPECIFICITY=0.6475090184749163, 95%CI=[ 0.61214337]-[ 0.68287467],sd=0.07365193959940476
