ACC=0.866271186440678,  95%CI=[ 0.84642053]-[ 0.88612184], sd=0.041340666658635235
AUC=0.942549603174603, 95%CI=[ 0.93216359]-[ 0.95293562],sd=0.02162975257550494
SENSITIVITY=0.8671130957691782, 95%CI=[ 0.84838252]-[ 0.88584368],sd=0.03900801200272967
SPECIFICITY=0.872000885270336, 95%CI=[ 0.83926117]-[ 0.9047406],sd=0.0681832124626085
