ACC=0.5994747474747475, 95%CI=0.5646592602207774-0.6342902347287176, sd=0.12127359383971316
AUC=0.6585833333333332, 95%CI=0.6147011834607357-0.7024654832059307, sd=0.1528557099213358
SENSITIVITY=0.6147792207792208, 95%CI=0.5828666933834543-0.6466917481749872, sd=0.11116164646960625
SPECIFICITY=0.6020833333333334, 95%CI=nan-nan, sd=0.3391278611489817
