ACC=0.5822222222222223, 95%CI=0.5280677678069661-0.6363766766374785, sd=0.14259066857768812
AUC=0.6949074074074075, 95%CI=0.6002095861359343-0.7896052286788807, sd=0.24934284342352697
SENSITIVITY=0.5827777777777778, 95%CI=0.5442928702003124-0.6212626853552433, sd=0.10133217591931604
SPECIFICITY=0.6333333333333333, 95%CI=nan-nan, sd=0.42687494916218993
