ACC=0.6038888888888889, 95%CI=0.5517511094333568-0.656026668344421, sd=0.137280689298681
AUC=0.6768518518518518, 95%CI=0.5894956831430438-0.7642080205606598, sd=0.23001200243031394
SENSITIVITY=0.6166666666666667, 95%CI=0.5664252237313288-0.6669081096020046, sd=0.13228756555322954
SPECIFICITY=0.6547619047619048, 95%CI=nan-nan, sd=0.39573262234749196
