ACC=0.6310185185185185, 95%CI=0.5905718428772444-0.6714651941597927, sd=0.10649758332362426
AUC=0.6914880952380954, 95%CI=0.652199213442175-0.7307769770340158, sd=0.10344906958146369
SENSITIVITY=0.6810918710918712, 95%CI=0.6431677323059386-0.7190160098778038, sd=0.09985565108372202
SPECIFICITY=0.5848412698412698, 95%CI=0.5388006584503574-0.6308818812321823, sd=0.12122662172192915
