ACC=0.5585, 95%CI=0.5192396696691461-0.5977603303308539, sd=0.19687129185220367
AUC=0.5809722222222223, 95%CI=0.5309923281462532-0.6309521162981915, sd=0.2506246440224066
SENSITIVITY=0.5851666666666666, 95%CI=0.5482575740843012-0.622075759249032, sd=0.1850809882787052
SPECIFICITY=0.5110441767068273, 95%CI=nan-nan, sd=0.38412505204946773
