ACC=0.5754545454545454, 95%CI=0.5098429987456344-0.6410660921634564
AUC=0.5808333333333333, 95%CI=0.47966463799963893-0.6820020286670276
SENSITIVITY=0.5982972582972583, 95%CI=0.5278114248919942-0.6687830917025225
SPECIFICITY=nan, 95%CI=nan-nan
