ACC=0.7061188811188812, 95%CI=0.6281646708171096-0.7840730914206528
AUC=0.6742857142857144, 95%CI=0.5512940565138704-0.7972773720575583
SENSITIVITY=0.7165728715728716, 95%CI=0.6522270353660026-0.7809187077797407
SPECIFICITY=nan, 95%CI=nan-nan
