ACC=0.6104395604395605, 95%CI=0.5223073578071786-0.6985717630719424
AUC=0.6354166666666666, 95%CI=0.5417752740610221-0.7290580592723112
SENSITIVITY=0.6174825174825175, 95%CI=0.5355145522944774-0.6994504826705575
SPECIFICITY=nan, 95%CI=nan-nan
