ACC=0.6189814814814815, 95%CI=0.579988359721044-0.6579746032419189, sd=0.10267032253925913
AUC=0.6362962962962962, 95%CI=0.5844130963070208-0.6881794962855717, sd=0.1366103722085792
SENSITIVITY=0.6740644540644541, 95%CI=0.6323083063497714-0.7158206017791369, sd=0.10994547141422144
SPECIFICITY=0.578466995966996, 95%CI=0.5177341283346408-0.6391998635993512, sd=0.15991187232602058
