ACC=0.6073015873015873, 95%CI=0.5630741140307205-0.6515290605724542
AUC=0.5416666666666666, 95%CI=0.44540958294242816-0.6379237503909051
SENSITIVITY=0.6388095238095239, 95%CI=0.6009512149297515-0.6766678326892964
SPECIFICITY=nan, 95%CI=nan-nan
