ACC=0.5231481481481481, 95%CI=0.2934230929128103-0.752873203383486
AUC=0.5880291005291006, 95%CI=0.27528999006795707-0.9007682109902442
SENSITIVITY=0.5666666666666668, 95%CI=0.42324490900295764-0.7100884243303759
SPECIFICITY=0.48484848484848486, 95%CI=-0.7589300330745463-1.728627002771516
ACC=0.5185185185185185, 95%CI=0.3440079488541177-0.6930290881829193
AUC=0.5537367724867726, 95%CI=0.08137647952344146-1.0260970654501036
SENSITIVITY=0.5393518518518519, 95%CI=0.4542549050019383-0.6244487987017654
SPECIFICITY=nan, 95%CI=nan-nan
ACC=0.530787037037037, 95%CI=0.4934963606457372-0.5680777134283368
AUC=0.551087962962963, 95%CI=0.5046848952334823-0.5974910306924438
SENSITIVITY=0.5483008440361382, 95%CI=0.5201433785302004-0.576458309542076
SPECIFICITY=nan, 95%CI=nan-nan
ACC=0.5525462962962963, 95%CI=0.5039017377410955-0.601190854851497
AUC=0.5604927248677248, 95%CI=0.5017321697852507-0.619253279950199
SENSITIVITY=0.5820934158434158, 95%CI=0.5460211585252727-0.6181656731615589
SPECIFICITY=nan, 95%CI=nan-nan
