ACC=0.8765000000000001,  95%CI=[ 0.85941135]-[ 0.89358865], sd=0.12224661656164956
AUC=0.9547916666666667, 95%CI=[ 0.93954994]-[ 0.9700334],sd=0.10903439028072238
SENSITIVITY=0.8864404761904763, 95%CI=[ 0.86823273]-[ 0.90464822],sd=0.13025228387498058
SPECIFICITY=0.9226495726495726, 95%CI=[ nan]-[ nan],sd=0.16156672298341898
