ACC=0.6691666666666667,  95%CI=[ 0.64184157]-[ 0.69649176], sd=0.19547484919208064
AUC=0.7584722222222223, 95%CI=[ 0.72898897]-[ 0.78795548],sd=0.21091360461362163
SENSITIVITY=0.70525, 95%CI=[ 0.67499699]-[ 0.73550301],sd=0.21642022843943629
SPECIFICITY=0.6897297297297297, 95%CI=[ nan]-[ nan],sd=0.30934822344790897
