ACC=0.645,  95%CI=[ 0.61928759]-[ 0.67071241], sd=0.18393824138550127
AUC=0.7120833333333334, 95%CI=[ 0.68254712]-[ 0.74161955],sd=0.21129245683368544
SENSITIVITY=0.6619885139985643, 95%CI=[ nan]-[ nan],sd=0.18419522448640344
SPECIFICITY=0.6672495039682539, 95%CI=[ nan]-[ nan],sd=0.29643631533876663
