ACC=0.675, 95%CI=0.5499229847603831-0.8000770152396169
AUC=0.6083333333333333, 95%CI=0.4517425944192052-0.7649240722474613
SENSITIVITY=0.6633333333333333, 95%CI=0.5583661593318071-0.7683005073348596
SPECIFICITY=nan, 95%CI=nan-nan
