ACC=0.5171296296296296, 95%CI=0.48298718923025696-0.5512720700290022, sd=0.08989830025965319
AUC=0.5319047619047619, 95%CI=0.4915223944775017-0.5722871293320221, sd=0.10632825743288658
SENSITIVITY=0.5754098679098678, 95%CI=0.5339503673861226-0.6168693684336131, sd=0.10916438845910328
SPECIFICITY=0.4535275835275836, 95%CI=0.40341888772266843-0.5036362793324988, sd=0.13193803748055055
