ACC=0.8156473429951691,  95%CI=[ 0.77641757]-[ 0.85487711]
AUC=0.8693968253968254, 95%CI=[ 0.83570387]-[ 0.90308978]
SENSITIVITY=0.8261599543101092, 95%CI=[ 0.7894955]-[ 0.86282441]
SPECIFICITY=0.817109187109187, 95%CI=[ 0.7533233]-[ 0.88089507]
