ACC=0.7506618357487923,  95%CI=[ 0.70963242]-[ 0.79169125], sd=0.07157728225533802
AUC=0.8227513227513227, 95%CI=[ 0.75848404]-[ 0.8870186],sd=0.11211657939864779
SENSITIVITY=0.7753441106537081, 95%CI=[ 0.72852431]-[ 0.82216391],sd=0.081678817086951
SPECIFICITY=0.7219913419913419, 95%CI=[ 0.66053058]-[ 0.7834521],sd=0.10722049747158081
