ACC=0.5962481962481962,  95%CI=[ 0.52493631]-[ 0.66756008]
AUC=0.6693827160493825, 95%CI=[ 0.5939724]-[ 0.74479303]
SENSITIVITY=0.6234305895915803, 95%CI=[ 0.5573815]-[ 0.68947968]
SPECIFICITY=nan, 95%CI=[ nan]-[ nan]
