ACC=0.5774891774891775,  95%CI=[ 0.54006044]-[ 0.61491791], sd=0.0652957754338848
AUC=0.6348148148148148, 95%CI=[ 0.5781342]-[ 0.69149543],sd=0.09888137484745965
SENSITIVITY=0.6309262034262033, 95%CI=[ 0.57969281]-[ 0.68215959],sd=0.08937849038111986
SPECIFICITY=0.528328471428019, 95%CI=[ nan]-[ nan],sd=0.08314166071897225
