ACC=0.5924026590693258,  95%CI=[ 0.54564645]-[ 0.63915886], sd=0.08156787977911562
AUC=0.6246296296296295, 95%CI=[ 0.58194763]-[ 0.66731163],sd=0.07446027441190695
SENSITIVITY=0.6046281288097145, 95%CI=[ 0.56374762]-[ 0.64550864],sd=0.07131751092746286
SPECIFICITY=0.6125060125060126, 95%CI=[ 0.50299198]-[ 0.72202004],sd=0.19105115799681888
