ACC=0.5900284900284899,  95%CI=[ 0.54413361]-[ 0.63592337]
AUC=0.6112433862433861, 95%CI=[ 0.54085991]-[ 0.68162686]
SENSITIVITY=0.601087908066169, 95%CI=[ 0.5569952]-[ 0.64518061]
SPECIFICITY=0.6208417508417508, 95%CI=[ 0.53659671]-[ 0.7050868]
