ACC=0.8638135593220339,  95%CI=[ 0.84713947]-[ 0.88048765], sd=0.03472519027181797
AUC=0.9499041005291007, 95%CI=[ 0.93997948]-[ 0.95982872],sd=0.020668862150886
SENSITIVITY=0.9153982254076194, 95%CI=[ 0.89227219]-[ 0.93852426],sd=0.048161925114990276
SPECIFICITY=0.8040597188918028, 95%CI=[ 0.78403435]-[ 0.82408509],sd=0.04170452232609421
