ACC=0.6907407407407409,  95%CI=[ 0.67144266]-[ 0.71003882], sd=0.04018987854483464
AUC=0.7826388888888888, 95%CI=[ 0.76092855]-[ 0.80434923],sd=0.04521361336293896
SENSITIVITY=0.7438323661826165, 95%CI=[ 0.71953005]-[ 0.76813468],sd=0.05061162280085212
SPECIFICITY=0.6381888629306169, 95%CI=[ 0.61929762]-[ 0.6570801],sd=0.03934259875707048
