ACC=0.5825814536340852, 95%CI=0.4270947503690824-0.738068156899088
AUC=0.5918803418803419, 95%CI=0.4339405485973957-0.749820135163288
SENSITIVITY=0.6289488017429194, 95%CI=0.499821233539694-0.7580763699461449
SPECIFICITY=0.27777777777777773, 95%CI=-0.3546527278454666-0.9102082834010221
ACC=0.5809523809523809, 95%CI=0.49952916327075475-0.6623755986340071
AUC=0.4416666666666666, 95%CI=0.28570759930246475-0.5976257340308684
SENSITIVITY=0.6216666666666666, 95%CI=0.5654488709117633-0.6778844624215699
SPECIFICITY=nan, 95%CI=nan-nan
ACC=0.6160818713450292, 95%CI=0.46738807561270684-0.7647756670773516
AUC=0.5012210012210012, 95%CI=0.14902776834460274-0.8534142340973997
SENSITIVITY=0.6360566448801742, 95%CI=0.5822664659473787-0.6898468238129697
SPECIFICITY=0.5, 95%CI=-0.7420688559218764-1.7420688559218764
