ACC=0.5580909090909091,  95%CI=[ 0.53036223]-[ 0.58581959], sd=0.13904571458265677
AUC=0.5836666666666666, 95%CI=[ 0.55043525]-[ 0.61689808],sd=0.16663924774460814
SENSITIVITY=0.6046969696969696, 95%CI=[ 0.57243407]-[ 0.63695987],sd=0.1617826205645836
SPECIFICITY=0.5138392857142856, 95%CI=[ nan]-[ nan],sd=0.216415592497009
