ACC=0.7488461538461538,  95%CI=[ 0.72507763]-[ 0.77261467], sd=0.11918746749962468
AUC=0.7913035714285712, 95%CI=[ 0.76556813]-[ 0.81703901],sd=0.12905060879400004
SENSITIVITY=0.7588892496392496, 95%CI=[ 0.73879993]-[ 0.77897857],sd=0.10073810215155322
SPECIFICITY=0.7591785714285715, 95%CI=[ 0.71624962]-[ 0.80210752],sd=0.21526761116363927
