ACC=0.6326923076923077,  95%CI=[ 0.6094654]-[ 0.65591921], sd=0.11647152903277459
AUC=0.6490178571428572, 95%CI=[ 0.61976779]-[ 0.67826792],sd=0.14667471991553824
SENSITIVITY=0.6504365079365079, 95%CI=[ 0.62921192]-[ 0.6716611],sd=0.10643089062631013
SPECIFICITY=0.6216349206349207, 95%CI=[ 0.57614353]-[ 0.66712631],sd=0.22811700087274428
