ACC=0.8418376068376069, 95%CI=0.8230019036014357-0.8606733100737781
AUC=0.9135869565217392, 95%CI=0.8980250434230481-0.9291488696204302
SENSITIVITY=0.8300401524901371, 95%CI=0.8101456835394943-0.8499346214407798
SPECIFICITY=0.8798007520801637, 95%CI=0.8480576750119979-0.9115438291483295
