ACC=0.6388888888888888, 95%CI=0.6136282590528009-0.6641495187249767
AUC=0.67984375, 95%CI=0.6461831612062091-0.7135043387937908
SENSITIVITY=0.6494988776827558, 95%CI=0.6299427230227305-0.6690550323427812
SPECIFICITY=0.6420646319911028, 95%CI=0.597678725716846-0.6864505382653595
