ACC=0.5876849894291756, 95%CI=0.571261331782861-0.6041086470754902
AUC=0.6284193840579708, 95%CI=0.610286932539882-0.6465518355760597
SENSITIVITY=0.6048861647694409, 95%CI=0.5888724822090888-0.620899847329793
SPECIFICITY=0.5675780126343797, 95%CI=0.5411287280252844-0.5940272972434749
