ACC=0.6557142857142857,  95%CI=[ 0.6300134]-[ 0.68141517], sd=0.1838557800173957
AUC=0.6938888888888889, 95%CI=[ 0.66148796]-[ 0.72628982],sd=0.2317857074919221
SENSITIVITY=0.6679166666666666, 95%CI=[ 0.64264261]-[ 0.69319073],sd=0.18080240299446088
SPECIFICITY=0.6991134751773049, 95%CI=[ nan]-[ nan],sd=0.3056971552317174
