ACC=0.5289351851851852, 95%CI=0.4930423642435678-0.5648280061268027
AUC=0.5088723544973546, 95%CI=0.46112766426735663-0.5566170447273525
SENSITIVITY=0.5693322880822881, 95%CI=0.5396048435865076-0.5990597325780685
SPECIFICITY=nan, 95%CI=nan-nan
