ACC=0.623919191919192, 95%CI=0.5862993081746052-0.6615390756637788, sd=0.1310422131466218
AUC=0.6976666666666665, 95%CI=0.6485213618935498-0.7468119714397833, sd=0.1711889793960659
SENSITIVITY=0.7018809523809523, 95%CI=0.6529568860248236-0.7508050187370809, sd=0.17041833448945196
SPECIFICITY=0.5631825396825396, 95%CI=0.524119654921608-0.6022454244434713, sd=0.13606865203831228
