ACC=0.6632090132090132, 95%CI=0.6212047663186482-0.7052132600993781
AUC=0.709107142857143, 95%CI=0.6514441913351557-0.7667700943791304
SENSITIVITY=0.6745670995670996, 95%CI=0.6420454474922064-0.7070887516419928
SPECIFICITY=nan, 95%CI=nan-nan
