ACC=0.6163636363636364, 95%CI=0.5747082259443458-0.6580190467829271
AUC=0.6344444444444445, 95%CI=0.5851507556926723-0.6837381331962167
SENSITIVITY=0.6370370370370371, 95%CI=0.6000972550299513-0.6739768190441229
SPECIFICITY=0.6207936507936508, 95%CI=0.5557379824795416-0.6858493191077599
