ACC=0.6316849816849818, 95%CI=0.5895914908512677-0.6737784725186958
AUC=0.6552083333333332, 95%CI=0.5998852153577902-0.7105314513088762
SENSITIVITY=0.6445923520923522, 95%CI=0.6065828518628923-0.6826018523218121
SPECIFICITY=0.629920634920635, 95%CI=0.5475714876914466-0.7122697821498234
