ACC=0.60625, 95%CI=0.5626338868786136-0.6498661131213863, sd=0.3127984685775243
AUC=0.63875, 95%CI=0.5777011525832079-0.6997988474167922, sd=0.437819526174884
SENSITIVITY=0.6716867469879518, 95%CI=0.6187588383106821-0.7246146556652215, sd=0.3453771480996458
SPECIFICITY=0.5833333333333334, 95%CI=0.5215506477491808-0.6451160189174859, sd=0.3906401350344267
