ACC=0.5779166666666666, 95%CI=0.534547276757283-0.6212860565760503, sd=0.31025051481737215
AUC=0.62, 95%CI=0.5580775728490059-0.681922427150994, sd=0.4429729111356585
SENSITIVITY=0.6337209302325582, 95%CI=nan-nan, sd=0.35566635738987123
SPECIFICITY=0.5633802816901409, 95%CI=nan-nan, sd=0.39098426936555064
