ACC=0.6231913116123643, 95%CI=0.6064216556433071-0.6399609675814215
AUC=0.5322268009768009, 95%CI=0.4920290546323305-0.5724245473212712
SENSITIVITY=0.6426292930782096, 95%CI=0.6161742634395826-0.6690843227168366
SPECIFICITY=nan, 95%CI=nan-nan
