ACC=0.7070000000000001, 95%CI=0.6643427196126709-0.7496572803873293, sd=0.21498294505998994
AUC=0.7579166666666666, 95%CI=0.7031170156893147-0.8127163176440184, sd=0.2761777180448206
SENSITIVITY=0.7619999999999999, 95%CI=0.7153953472207434-0.8086046527792564, sd=0.2348767998570977
SPECIFICITY=0.7098039215686274, 95%CI=0.6433673384834531-0.7762405046538017, sd=0.30801169358210106
