ACC=0.6323232323232323,  95%CI=[ 0.57884807]-[ 0.6857984], sd=0.09328934578093777
AUC=0.6811111111111111, 95%CI=[ 0.62321364]-[ 0.73900858],sd=0.10100421700034039
SENSITIVITY=0.6810388903035963, 95%CI=[ 0.63301749]-[ 0.72906029],sd=0.08377506381646531
SPECIFICITY=0.60995337995338, 95%CI=[ 0.5304507]-[ 0.68945606],sd=0.13869527953557576
