ACC=0.7847294685990338,  95%CI=[ 0.75192964]-[ 0.8175293], sd=0.05722048253514437
AUC=0.8312804232804234, 95%CI=[ 0.78917245]-[ 0.8733884],sd=0.07345886931725468
SENSITIVITY=0.8117512389571213, 95%CI=[ 0.77374867]-[ 0.8497538],sd=0.06629684082937413
SPECIFICITY=0.7600900950900952, 95%CI=[ 0.70633863]-[ 0.81384156],sd=0.09377136843126174
