ACC=0.5881291547958214,  95%CI=[ 0.53773901]-[ 0.6385193], sd=0.08790742319518834
AUC=0.6143121693121694, 95%CI=[ 0.54933398]-[ 0.67929036],sd=0.11335679090701001
SENSITIVITY=0.6082584420510116, 95%CI=[ 0.56492686]-[ 0.65159002],sd=0.07559349941164639
SPECIFICITY=0.5562393162393163, 95%CI=[ 0.47988836]-[ 0.63259027],sd=0.13319698790085246
