ACC=0.6080555555555556,  95%CI=[ 0.57976942]-[ 0.63634169], sd=0.2485418898046249
AUC=0.6745833333333333, 95%CI=[ 0.63623634]-[ 0.71293033],sd=0.3369437288166808
SENSITIVITY=0.6625, 95%CI=[ nan]-[ nan],sd=0.2949349201821601
SPECIFICITY=0.5973333333333333, 95%CI=[ nan]-[ nan],sd=0.35881533473981364
