ACC=0.7915555555555556,  95%CI=[ 0.77000225]-[ 0.81310886], sd=0.18938249231399856
AUC=0.8619444444444444, 95%CI=[ 0.83562941]-[ 0.88825948],sd=0.23122242912052252
SENSITIVITY=0.8487695749440716, 95%CI=[ nan]-[ nan],sd=0.1815768404623443
SPECIFICITY=0.8032051282051282, 95%CI=[ nan]-[ nan],sd=0.2876562834523156
