ACC=0.5573333333333333,  95%CI=[ 0.53203061]-[ 0.58263606], sd=0.22232758613261547
AUC=0.5791666666666667, 95%CI=[ 0.5444052]-[ 0.61392813],sd=0.30543874029676404
SENSITIVITY=0.5989004629629631, 95%CI=[ nan]-[ nan],sd=0.2607409953106495
SPECIFICITY=0.5315315315315315, 95%CI=[ nan]-[ nan],sd=0.3587524455900346
