ACC=0.7083721833721833,  95%CI=[ 0.65721318]-[ 0.75953119]
AUC=0.7846428571428572, 95%CI=[ 0.71801458]-[ 0.85127114]
SENSITIVITY=0.8103042328042328, 95%CI=[ 0.75852668]-[ 0.86208178]
SPECIFICITY=0.6409259259259259, 95%CI=[ 0.57288783]-[ 0.70896402]
