ACC=0.6799999999999998,  95%CI=[ 0.62747608]-[ 0.73252392]
AUC=0.7241666666666667, 95%CI=[ 0.66746052]-[ 0.78087281]
SENSITIVITY=0.7488095238095238, 95%CI=[ 0.68823866]-[ 0.80938039]
SPECIFICITY=0.6450793650793651, 95%CI=[ 0.57950135]-[ 0.71065738]
