ACC=0.5902930402930402,  95%CI=[ 0.54145616]-[ 0.63912992]
AUC=0.6428571428571428, 95%CI=[ 0.58876185]-[ 0.69695243]
SENSITIVITY=0.6282479557479558, 95%CI=[ 0.58314873]-[ 0.67334718]
SPECIFICITY=0.5705555555555555, 95%CI=[ 0.50205073]-[ 0.63906038]
