ACC=0.6465000000000001, 95%CI=0.606176946523181-0.6868230534768192, sd=0.20220032695874215
AUC=0.7219444444444444, 95%CI=0.6703856250716922-0.7735032638171966, sd=0.2585421796186752
SENSITIVITY=0.736111111111111, 95%CI=nan-nan, sd=0.2304593172635471
SPECIFICITY=0.6045918367346939, 95%CI=nan-nan, sd=0.2830208422034846
