ACC=0.7730769230769231,  95%CI=[ 0.72882729]-[ 0.81732656], sd=0.054274345507983456
AUC=0.8533237721417068, 95%CI=[ 0.80866419]-[ 0.89798336],sd=0.05477717298790294
SENSITIVITY=0.8051515512085227, 95%CI=[ 0.76081862]-[ 0.84948448],sd=0.054376516518995034
SPECIFICITY=0.7341358260475909, 95%CI=[ 0.67025494]-[ 0.79801672],sd=0.0783530425657128
