ACC=0.5987654320987654,  95%CI=[ 0.52785987]-[ 0.669671], sd=0.08696915310867512
AUC=0.6333333333333333, 95%CI=[ 0.58897594]-[ 0.67769073],sd=0.05440652023833583
SENSITIVITY=0.6395646725509425, 95%CI=[ 0.57975951]-[ 0.69936984],sd=0.07335396427219695
SPECIFICITY=0.5580252536134889, 95%CI=[ 0.45936795]-[ 0.65668255],sd=0.12100801596374934
