ACC=0.5799271787643882,  95%CI=[ 0.5454641]-[ 0.61439026], sd=0.04227065363101364
AUC=0.5806662640901771, 95%CI=[ 0.52031245]-[ 0.64102008],sd=0.07402690947528241
SENSITIVITY=0.60019677569486, 95%CI=[ 0.56977888]-[ 0.63061467],sd=0.0373090392664458
SPECIFICITY=0.554013213022501, 95%CI=[ 0.50571977]-[ 0.60230666],sd=0.05923427534720405
