ACC=0.872768065268065,  95%CI=[ 0.85592446]-[ 0.88961167], sd=0.08446241699762062
AUC=0.9596071428571429, 95%CI=[ 0.9490501]-[ 0.97016419],sd=0.052938390741367594
SENSITIVITY=0.9185198412698411, 95%CI=[ 0.90168999]-[ 0.93534969],sd=0.0843934469583911
SPECIFICITY=0.8407500000000002, 95%CI=[ 0.8144098]-[ 0.8670902],sd=0.1320831970642444
