ACC=0.6961818181818183,  95%CI=[ 0.67162336]-[ 0.72074028], sd=0.12314863692651862
AUC=0.802, 95%CI=[ 0.77748893]-[ 0.82651107],sd=0.122910988569416
SENSITIVITY=0.7607857142857142, 95%CI=[ 0.73349791]-[ 0.78807352],sd=0.13683495321652545
SPECIFICITY=0.6646031746031746, 95%CI=[ 0.6329512]-[ 0.69625515],sd=0.15871912660074716
