ACC=0.7924786324786326, 95%CI=0.774289122288554-0.8106681426687112
AUC=0.8683876811594203, 95%CI=0.8469853728493363-0.8897899894695044
SENSITIVITY=0.807308677810427, 95%CI=0.7903211017255459-0.8242962538953081
SPECIFICITY=0.7796807309191212, 95%CI=0.7461695567422548-0.8131919050959875
