ACC=0.6194444444444446, 95%CI=0.5876607942680012-0.6512280946208879
AUC=0.6696354166666667, 95%CI=0.6296158551786698-0.7096549781546636
SENSITIVITY=0.643998719077969, 95%CI=0.613071720498222-0.674925717657716
SPECIFICITY=nan, 95%CI=nan-nan
