ACC=0.5937632135306554, 95%CI=0.5713026741975827-0.6162237528637281
AUC=0.6341394927536232, 95%CI=0.6086437856984697-0.6596351998087768
SENSITIVITY=0.6176155226097129, 95%CI=0.5924503881720372-0.6427806570473885
SPECIFICITY=nan, 95%CI=nan-nan
