ACC=0.56, 95%CI=0.5502303910804932-0.5697696089195069, sd=0.04898979485566356
AUC=0.4770833333333333, 95%CI=0.4279153705843722-0.5262512960822945, sd=0.24655320682622708
SENSITIVITY=0.56, 95%CI=0.5502303910804932-0.5697696089195069, sd=0.04898979485566356
SPECIFICITY=nan, 95%CI=nan-nan, sd=nan
