ACC=0.6289351851851851, 95%CI=0.5943678833320374-0.6635024870383328, sd=0.09101697608052164
AUC=0.6902248677248679, 95%CI=0.6459370769187047-0.7345126585310311, sd=0.11661138070851909
SENSITIVITY=0.6841474266474269, 95%CI=0.6478816488241805-0.7204132044706733, sd=0.09548912572646638
SPECIFICITY=0.5863720538720539, 95%CI=0.538376765183001-0.6343673425611068, sd=0.126373358879657
