ACC=0.753903381642512,  95%CI=[ 0.71364615]-[ 0.79416061]
AUC=0.7804232804232804, 95%CI=[ 0.72625878]-[ 0.83458778]
SENSITIVITY=0.7492418546365915, 95%CI=[ 0.7195816]-[ 0.77890211]
SPECIFICITY=0.7989201539201539, 95%CI=[ 0.71643304]-[ 0.88140727]
