ACC=0.6354978354978355,  95%CI=[ 0.58937151]-[ 0.68162416]
AUC=0.669537037037037, 95%CI=[ 0.59238863]-[ 0.74668544]
SENSITIVITY=0.6521332145093754, 95%CI=[ 0.61634027]-[ 0.68792616]
SPECIFICITY=0.6661904761904762, 95%CI=[ 0.55758202]-[ 0.77479893]
