ACC=0.5624881291547957,  95%CI=[ 0.5136306]-[ 0.61134566]
AUC=0.6148280423280423, 95%CI=[ 0.56328215]-[ 0.66637394]
SENSITIVITY=0.5991932182025062, 95%CI=[ 0.55661156]-[ 0.64177487]
SPECIFICITY=0.5334162134162134, 95%CI=[ 0.45740142]-[ 0.60943101]
