ACC=0.5539351851851851, 95%CI=0.5145165438971245-0.5933538264732457
AUC=0.5916964285714286, 95%CI=0.5416607149339008-0.6417321422089564
SENSITIVITY=0.5707660830454948, 95%CI=0.5427721400657556-0.598760026025234
SPECIFICITY=nan, 95%CI=nan-nan
ACC=0.5816666666666667, 95%CI=0.48522359229495-0.6781097410383834
AUC=0.5916666666666667, 95%CI=0.3940523435345615-0.7892809897987718
SENSITIVITY=0.5816666666666668, 95%CI=0.5215391641232174-0.6417941692101161
SPECIFICITY=nan, 95%CI=nan-nan
