ACC=0.7074074074074075,  95%CI=[ 0.67848589]-[ 0.73632893], sd=0.07615142664797071
AUC=0.7895312499999998, 95%CI=[ 0.7641867]-[ 0.8148758],sd=0.06673314150015094
SENSITIVITY=0.7240325125701802, 95%CI=[ 0.69571318]-[ 0.75235185],sd=0.07456585153455138
SPECIFICITY=0.7044782439209684, 95%CI=[ 0.66401813]-[ 0.74493836],sd=0.10653296752644417
