ACC=0.8772222222222223,  95%CI=[ 0.85896314]-[ 0.89548131], sd=0.04807684710345375
AUC=0.9499698067632851, 95%CI=[ 0.93847074]-[ 0.96146887],sd=0.030277458395600226
SENSITIVITY=0.8802102717465037, 95%CI=[ 0.85905223]-[ 0.90136832],sd=0.055709905760946234
SPECIFICITY=0.8807350683085978, 95%CI=[ 0.8556952]-[ 0.90577494],sd=0.06593090533267397
