ACC=0.6240740740740739,  95%CI=[ 0.59257377]-[ 0.65557438]
AUC=0.6638541666666667, 95%CI=[ 0.62913869]-[ 0.69856964]
SENSITIVITY=0.6815721858283107, 95%CI=[ 0.64576022]-[ 0.71738415]
SPECIFICITY=0.5704576048306699, 95%CI=[ 0.53793793]-[ 0.60297728]
