ACC=0.69741452991453,  95%CI=[ 0.67718828]-[ 0.71764078]
AUC=0.7909986413043477, 95%CI=[ 0.76786673]-[ 0.81413055]
SENSITIVITY=0.787576792894882, 95%CI=[ 0.7669599]-[ 0.80819368]
SPECIFICITY=0.6142660557362402, 95%CI=[ 0.58587899]-[ 0.64265312]
