ACC=0.5867336152219873,  95%CI=[ 0.55864928]-[ 0.61481795]
AUC=0.6343131038647343, 95%CI=[ 0.60541106]-[ 0.66321515]
SENSITIVITY=0.6236206783249512, 95%CI=[ 0.59751594]-[ 0.64972542]
SPECIFICITY=0.5574756337826466, 95%CI=[ 0.52207602]-[ 0.59287525]
