ACC=0.6378787878787879,  95%CI=[ 0.58266484]-[ 0.69309273]
AUC=0.6716666666666666, 95%CI=[ 0.61641437]-[ 0.72691896]
SENSITIVITY=0.6966402116402116, 95%CI=[ 0.63385045]-[ 0.75942998]
SPECIFICITY=0.5953174603174602, 95%CI=[ 0.53481955]-[ 0.65581537]
