ACC=0.7924048174048174,  95%CI=[ 0.75203277]-[ 0.83277686], sd=0.10630108449210644
AUC=0.838452380952381, 95%CI=[ 0.7854157]-[ 0.89148906],sd=0.13964752559890095
SENSITIVITY=0.8045634920634922, 95%CI=[ 0.77080319]-[ 0.8383238],sd=0.08889212189415352
SPECIFICITY=0.8044444444444445, 95%CI=[ 0.73834025]-[ 0.87054864],sd=0.1740547664627288
