ACC=0.796114996114996,  95%CI=[ 0.76383173]-[ 0.82839826]
AUC=0.8602380952380952, 95%CI=[ 0.82498978]-[ 0.89548642]
SENSITIVITY=0.8134920634920636, 95%CI=[ 0.78230256]-[ 0.84468157]
SPECIFICITY=0.8046825396825399, 95%CI=[ 0.74587707]-[ 0.86348801]
