ACC=0.5939393939393939,  95%CI=[ 0.5444463]-[ 0.64343248], sd=0.13031712397353856
AUC=0.6408333333333334, 95%CI=[ 0.58637996]-[ 0.69528671],sd=0.14337773859956754
SENSITIVITY=0.646441798941799, 95%CI=[ 0.59826917]-[ 0.69461443],sd=0.12684029897571386
SPECIFICITY=0.5607539682539682, 95%CI=[ 0.50135629]-[ 0.62015165],sd=0.1563962794739956
