ACC=0.5822344322344323,  95%CI=[ 0.52988365]-[ 0.63458521]
AUC=0.63015873015873, 95%CI=[ 0.57060585]-[ 0.68971161]
SENSITIVITY=0.6113900913900914, 95%CI=[ 0.56648577]-[ 0.65629441]
SPECIFICITY=0.5477380952380952, 95%CI=[ 0.45873027]-[ 0.63674592]
