ACC=0.5956043956043956,  95%CI=[ 0.54050297]-[ 0.65070582], sd=0.14508407965820816
AUC=0.6186507936507937, 95%CI=[ 0.55123195]-[ 0.68606963],sd=0.17751628302277292
SENSITIVITY=0.623857623857624, 95%CI=[ 0.57019779]-[ 0.67751746],sd=0.14128831434144315
SPECIFICITY=0.5700793650793652, 95%CI=[ 0.49767835]-[ 0.64248038],sd=0.19063454066018198
