ACC=0.8755555555555555,  95%CI=[ 0.84291732]-[ 0.90819379]
AUC=0.9527777777777777, 95%CI=[ 0.92686974]-[ 0.97868581]
SENSITIVITY=0.8985185185185186, 95%CI=[ 0.86580719]-[ 0.93122985]
SPECIFICITY=nan, 95%CI=[ nan]-[ nan]
