ACC=0.6481481481481481,  95%CI=[ 0.59655864]-[ 0.69973766], sd=0.24494197403613532
AUC=0.75, 95%CI=[ 0.68374412]-[ 0.81625588],sd=0.3145764348029479
SENSITIVITY=0.7059925093632959, 95%CI=[ nan]-[ nan],sd=0.2535915202050737
SPECIFICITY=0.6357142857142857, 95%CI=[ nan]-[ nan],sd=0.39268394450513106
