ACC=0.8524074074074074,  95%CI=[ 0.81399451]-[ 0.89082031], sd=0.1823807087059738
AUC=0.9453703703703703, 95%CI=[ 0.91352269]-[ 0.97721805],sd=0.15120968553180797
SENSITIVITY=0.865925925925926, 95%CI=[ 0.82836963]-[ 0.90348222],sd=0.17831362146356433
SPECIFICITY=0.9069264069264069, 95%CI=[ nan]-[ nan],sd=0.23183424829430102
