ACC=0.5855555555555555,  95%CI=[ 0.53453512]-[ 0.63657599], sd=0.2422400605052357
AUC=0.6379629629629631, 95%CI=[ 0.57428014]-[ 0.70164579],sd=0.3023598315981479
SENSITIVITY=0.6172222222222222, 95%CI=[ 0.56143509]-[ 0.67300935],sd=0.264871853479059
SPECIFICITY=0.5705128205128205, 95%CI=[ nan]-[ nan],sd=0.3807318177826771
