ACC=0.5552121212121212, 95%CI=0.5199617298729857-0.5904625125512566, sd=0.1227885053214577
AUC=0.5706666666666667, 95%CI=0.5128222201866278-0.6285111131467055, sd=0.20149090136612455
SENSITIVITY=0.5709148629148628, 95%CI=0.5446357139992318-0.5971940118304938, sd=0.09153876861752525
SPECIFICITY=0.5069444444444444, 95%CI=nan-nan, sd=0.374647468039812
