ACC=0.55625, 95%CI=0.5177564073215211-0.594743592678479, sd=0.2753706466847103
AUC=0.61, 95%CI=0.5494053624496638-0.6705946375503362, sd=0.43347433603386487
SENSITIVITY=0.5954954954954954, 95%CI=nan-nan, sd=0.29184739956758926
SPECIFICITY=0.49852507374631266, 95%CI=nan-nan, sd=0.43251316484998936
