ACC=0.5478787878787879, 95%CI=0.5261524975944197-0.569605078163156, sd=0.07567969060348895
AUC=0.46549999999999997, 95%CI=0.41513998439899524-0.5158600156010047, sd=0.17542020978211148
SENSITIVITY=0.5610800865800866, 95%CI=0.5421025477502429-0.5800576254099302, sd=0.0661049009407559
SPECIFICITY=0.38541666666666663, 95%CI=nan-nan, sd=0.2824050356609575
