ACC=0.8142619047619047,  95%CI=[ 0.79115545]-[ 0.83736836], sd=0.16529606331898178
AUC=0.9010416666666665, 95%CI=[ 0.88034671]-[ 0.92173662],sd=0.14804498542109873
SENSITIVITY=0.8489404761904763, 95%CI=[ 0.82629904]-[ 0.87158191],sd=0.1619694719248072
SPECIFICITY=0.8280701754385964, 95%CI=[ nan]-[ nan],sd=0.24016640378736648
