ACC=0.6586666666666667,  95%CI=[ 0.63199578]-[ 0.68533755], sd=0.19079482872097628
AUC=0.7370833333333333, 95%CI=[ 0.70496009]-[ 0.76920658],sd=0.2297992531738501
SENSITIVITY=0.6934999999999999, 95%CI=[ 0.66554837]-[ 0.72145163],sd=0.19995687034958315
SPECIFICITY=0.675512104283054, 95%CI=[ nan]-[ nan],sd=0.31978175024953276
