ACC=0.6108333333333333,  95%CI=[ 0.58469702]-[ 0.63696965], sd=0.18697068142969825
AUC=0.6742361111111111, 95%CI=[ 0.64393446]-[ 0.70453776],sd=0.21676812750816268
SENSITIVITY=0.6471309523809523, 95%CI=[ 0.61788029]-[ 0.67638161],sd=0.20924972569655054
SPECIFICITY=0.601986183074266, 95%CI=[ nan]-[ nan],sd=0.29245024048493623
