ACC=0.7655205905205906,  95%CI=[ 0.72277974]-[ 0.80826144], sd=0.11253822430236458
AUC=0.8521428571428572, 95%CI=[ 0.80670125]-[ 0.89758447],sd=0.11964943123374144
SENSITIVITY=0.7884030784030784, 95%CI=[ 0.74534064]-[ 0.83146552],sd=0.11338498683107431
SPECIFICITY=0.7787301587301588, 95%CI=[ 0.71038177]-[ 0.84707855],sd=0.17996381316497717
