ACC=0.643939393939394,  95%CI=[ 0.58187464]-[ 0.70600414], sd=0.16341876665977623
AUC=0.6752777777777779, 95%CI=[ 0.60870676]-[ 0.7418488],sd=0.17528394072630615
SENSITIVITY=0.6989417989417991, 95%CI=[ 0.632232]-[ 0.7656516],sd=0.17564935295441214
SPECIFICITY=0.5985317460317461, 95%CI=[ 0.51243856]-[ 0.68462493],sd=0.2266865244347186
