ACC=0.5976190476190476,  95%CI=[ 0.54405351]-[ 0.65118459], sd=0.14104003066304655
AUC=0.619047619047619, 95%CI=[ 0.55576348]-[ 0.68233176],sd=0.1666294601327358
SENSITIVITY=0.61497113997114, 95%CI=[ 0.56845057]-[ 0.66149171],sd=0.12249038182607044
SPECIFICITY=0.5983333333333333, 95%CI=[ 0.51336194]-[ 0.68330473],sd=0.2237328051556067
