ACC=0.5958333333333333, 95%CI=0.558321150493709-0.6333455161729576, sd=0.1890528291833323
AUC=0.6391666666666667, 95%CI=0.5888649478596141-0.6894683854737192, sd=0.2535091677792899
SENSITIVITY=0.6701754385964912, 95%CI=0.621750532715052-0.7186003444779304, sd=0.2377144428843182
SPECIFICITY=0.5855670103092783, 95%CI=0.5278727081260849-0.6432613124924716, sd=0.28626068977153146
