ACC=0.56, 95%CI=0.550279361859646-0.5697206381403541, sd=0.04898979485566356
AUC=0.44930555555555557, 95%CI=0.40656511171605314-0.492045999395058, sd=0.2154020698543328
SENSITIVITY=0.56, 95%CI=0.550279361859646-0.5697206381403541, sd=0.04898979485566356
SPECIFICITY=nan, 95%CI=nan-nan, sd=nan
