ACC=0.6531666666666667,  95%CI=[ 0.62574971]-[ 0.68058362], sd=0.19613197087675432
AUC=0.7244444444444444, 95%CI=[ 0.69522275]-[ 0.75366614],sd=0.2090424967132252
SENSITIVITY=0.7163333333333333, 95%CI=[ 0.68424289]-[ 0.74842377],sd=0.22956456366105135
SPECIFICITY=0.6283417935702199, 95%CI=[ nan]-[ nan],sd=0.30566038542804425
