ACC=0.8277619047619048,  95%CI=[ 0.80710469]-[ 0.84841911], sd=0.14777496374317622
AUC=0.9160416666666665, 95%CI=[ 0.89668467]-[ 0.93539866],sd=0.13847366752282625
SENSITIVITY=0.8690833333333333, 95%CI=[ 0.84844858]-[ 0.88971809],sd=0.14761433892259776
SPECIFICITY=0.8351282051282051, 95%CI=[ nan]-[ nan],sd=0.21456488290619813
