ACC=0.6514285714285714,  95%CI=[ 0.62695025]-[ 0.67590689], sd=0.17510994278878644
AUC=0.7031944444444445, 95%CI=[ 0.67376909]-[ 0.7326198],sd=0.21049943366687257
SENSITIVITY=0.6722619047619048, 95%CI=[ 0.64574709]-[ 0.69877672],sd=0.189678351384988
SPECIFICITY=0.6815696649029982, 95%CI=[ nan]-[ nan],sd=0.2770304327453637
