ACC=0.7271255060728745,  95%CI=[0.6978777]-[0.75637331]
AUC=0.8472380500158276, 95%CI=[0.82013759]-[0.87433851]
SENSITIVITY=0.5532734109105424, 95%CI=[0.51628573]-[0.59026109]
SPECIFICITY=0.8842652068193079, 95%CI=[0.8584545]-[0.91007591]
