ACC=0.756377551020408,  95%CI=[0.73161605]-[0.78113906]
AUC=0.8713984818151486, 95%CI=[0.8489701]-[0.89382686]
SENSITIVITY=0.5116157625382065, 95%CI=[0.4812072]-[0.54202433]
SPECIFICITY=0.9180017526126629, 95%CI=[0.90213418]-[0.93386933]
