ACC=0.6883210180623973,  95%CI=[0.67111103]-[0.70553101]
AUC=0.7753855641355641, 95%CI=[0.75670174]-[0.79406938]
SENSITIVITY=0.5571963968104687, 95%CI=[0.53594059]-[0.5784522]
SPECIFICITY=0.8064281718368826, 95%CI=[0.79104699]-[0.82180935]
