ACC=0.6959553910987768,  95%CI=[0.67063597]-[0.72127481]
AUC=0.7814036991814768, 95%CI=[0.75648762]-[0.80631978]
SENSITIVITY=0.6439990838238966, 95%CI=[0.61366882]-[0.67432935]
SPECIFICITY=0.7489269103634947, 95%CI=[0.72662429]-[0.77122953]
