ACC=0.6182748538011698,  95%CI=[0.58905898]-[0.64749073]
AUC=0.6586052836052836, 95%CI=[0.62054269]-[0.69666788]
SENSITIVITY=0.3871184603150547, 95%CI=[0.35354987]-[0.42068705]
SPECIFICITY=0.796339214177685, 95%CI=[0.77296365]-[0.81971478]
