ACC=0.4797032828282829,  95%CI=[0.45612614]-[0.50328042]
AUC=0.5002579365079366, 95%CI=[0.47124518]-[0.52927069]
SENSITIVITY=0.3455695574348826, 95%CI=[0.32164716]-[0.36949195]
SPECIFICITY=0.6159602156068706, 95%CI=[0.58833443]-[0.643586]
