ACC=0.5388888888888889, 95%CI=0.5042083005352083-0.5735694772425695, sd=0.09131526359954914
AUC=0.5405191798941799, 95%CI=0.5063059194502716-0.5747324403380881, sd=0.0900847720394555
SENSITIVITY=0.5700698838198838, 95%CI=0.5428172671071486-0.5973225005326189, sd=0.07175714130111581
SPECIFICITY=0.4485905856595511, 95%CI=nan-nan, sd=0.18616435256248254
