ACC=0.6504166666666665, 95%CI=0.6052897006971083-0.6955436326362248, sd=0.32282364251502194
AUC=0.7525, 95%CI=0.6978002943222092-0.8071997056777906, sd=0.3913039100239097
SENSITIVITY=0.7376543209876543, 95%CI=nan-nan, sd=0.35659837215632234
SPECIFICITY=0.6469428007889546, 95%CI=nan-nan, sd=0.3683824692775852
