ACC=0.8943006993006993,  95%CI=[ 0.87803042]-[ 0.91057098], sd=0.0815874866445371
AUC=0.9661250000000002, 95%CI=[ 0.95669335]-[ 0.97555665],sd=0.04729511060611761
SENSITIVITY=0.8874563492063493, 95%CI=[ 0.86874437]-[ 0.90616832],sd=0.09383137511399005
SPECIFICITY=0.9361190476190475, 95%CI=[ 0.91409807]-[ 0.95814002],sd=0.11042437978450978
