ACC=0.6973636363636363,  95%CI=[ 0.67358423]-[ 0.72114304], sd=0.11924206229970868
AUC=0.7804166666666665, 95%CI=[ 0.75522026]-[ 0.80561307],sd=0.12634759703998244
SENSITIVITY=0.7295396825396826, 95%CI=[ 0.7049124]-[ 0.75416696],sd=0.12349372525098937
SPECIFICITY=0.6936547619047618, 95%CI=[ 0.65666399]-[ 0.73064553],sd=0.18549055930343988
