ACC=0.8530555555555555,  95%CI=[ 0.83334127]-[ 0.87276984], sd=0.17322356745254858
AUC=0.925, 95%CI=[ 0.90459281]-[ 0.94540719],sd=0.17931195659458343
SENSITIVITY=0.8738333333333332, 95%CI=[ 0.85442232]-[ 0.89324434],sd=0.17055880380547805
SPECIFICITY=0.907051282051282, 95%CI=[ nan]-[ nan],sd=0.22123744239427415
