ACC=0.6641666666666667,  95%CI=[ 0.63707083]-[ 0.6912625], sd=0.2380831048495773
AUC=0.7191666666666666, 95%CI=[ 0.68538423]-[ 0.75294911],sd=0.2968363278905659
SENSITIVITY=0.6976351351351351, 95%CI=[ nan]-[ nan],sd=0.2405847959676745
SPECIFICITY=0.6753246753246753, 95%CI=[ nan]-[ nan],sd=0.3844901647555185
