ACC=0.6003333333333334,  95%CI=[ 0.57479191]-[ 0.62587476], sd=0.22442494414738204
AUC=0.6347222222222223, 95%CI=[ 0.60013297]-[ 0.66931148],sd=0.3039255767006777
SENSITIVITY=0.6288740245261984, 95%CI=[ nan]-[ nan],sd=0.2544377500907497
SPECIFICITY=0.6155467720685113, 95%CI=[ nan]-[ nan],sd=0.3557604535886839
