ACC=0.8397902097902096,  95%CI=[ 0.82032783]-[ 0.85925259], sd=0.09759427130613076
AUC=0.913642857142857, 95%CI=[ 0.89714968]-[ 0.93013603],sd=0.08270518701498518
SENSITIVITY=0.874443362193362, 95%CI=[ 0.85352385]-[ 0.89536288],sd=0.10490110865696253
SPECIFICITY=0.8251666666666666, 95%CI=[ 0.79584192]-[ 0.85449141],sd=0.14704920929623705
