ACC=0.6571818181818182,  95%CI=[ 0.63185499]-[ 0.68250865], sd=0.127001626852338
AUC=0.7311666666666669, 95%CI=[ 0.70168814]-[ 0.7606452],sd=0.14782036771403023
SENSITIVITY=0.7157182539682538, 95%CI=[ 0.68611136]-[ 0.74532515],sd=0.14846406350547367
SPECIFICITY=0.62375, 95%CI=[ 0.59087643]-[ 0.65662357],sd=0.16484481749283295
