ACC=0.6309890109890108,  95%CI=[ 0.60461888]-[ 0.65735915], sd=0.13223328563828693
AUC=0.6595238095238096, 95%CI=[ 0.62882464]-[ 0.69022298],sd=0.15394127668259305
SENSITIVITY=0.6449585137085136, 95%CI=[ 0.62110262]-[ 0.6688144],sd=0.11962557597700915
SPECIFICITY=0.6224444444444445, 95%CI=[ 0.58200719]-[ 0.6628817],sd=0.20277297326026283
