ACC=0.6025462962962963, 95%CI=0.5647001511870982-0.6403924414054945, sd=0.09965029086671887
AUC=0.5839814814814815, 95%CI=0.5115812047000117-0.6563817582629514, sd=0.19063258937700836
SENSITIVITY=0.6216862766862767, 95%CI=0.5844708427100916-0.6589017106624618, sd=0.0979896052757221
SPECIFICITY=0.5723733938019653, 95%CI=nan-nan, sd=0.1668788231533083
