ACC=0.545601851851852, 95%CI=0.5141313703927443-0.5770723333109596
AUC=0.5475198412698412, 95%CI=0.5122057936811748-0.5828338888585076
SENSITIVITY=0.5740654089918796, 95%CI=0.5492531777737832-0.598877640209976
SPECIFICITY=nan, 95%CI=nan-nan
