ACC=0.6918333333333332,  95%CI=[ 0.66514513]-[ 0.71852154], sd=0.19091875817274273
AUC=0.7872222222222223, 95%CI=[ 0.75854984]-[ 0.8158946],sd=0.20511288671435612
SENSITIVITY=0.7682659932659933, 95%CI=[ nan]-[ nan],sd=0.21369752940457828
SPECIFICITY=0.6676870748299321, 95%CI=[ nan]-[ nan],sd=0.2628426532252365
