ACC=0.8757619047619047,  95%CI=[ 0.85728281]-[ 0.894241], sd=0.13219341804054627
AUC=0.9604166666666666, 95%CI=[ 0.94841266]-[ 0.97242067],sd=0.08587276602302062
SENSITIVITY=0.9314166666666667, 95%CI=[ 0.9144952]-[ 0.94833814],sd=0.12105069530297351
SPECIFICITY=0.8584175084175083, 95%CI=[ nan]-[ nan],sd=0.18984271559149243
