ACC=0.8754273504273505,  95%CI=[ 0.85038135]-[ 0.90047335], sd=0.06594703920891548
AUC=0.9532589824879227, 95%CI=[ 0.93923017]-[ 0.96728779],sd=0.0369383717486368
SENSITIVITY=0.8718464338546152, 95%CI=[ 0.84633618]-[ 0.89735669],sd=0.06716943896207929
SPECIFICITY=0.8915485231429503, 95%CI=[ 0.85859593]-[ 0.92450112],sd=0.08676539130063596
