ACC=0.6972222222222221,  95%CI=[ 0.67486778]-[ 0.71957666], sd=0.05886005583449193
AUC=0.7842708333333331, 95%CI=[ 0.76426926]-[ 0.80427241],sd=0.05266487833197967
SENSITIVITY=0.7112053001381757, 95%CI=[ 0.68862324]-[ 0.73378736],sd=0.059459405410556346
SPECIFICITY=0.6818258702082233, 95%CI=[ 0.65540835]-[ 0.70824339],sd=0.0695582909406345
