ACC=0.7, 95%CI=0.5718357387152221-0.8281642612847778
AUC=0.638888888888889, 95%CI=0.41001240024160346-0.8677653775361744
SENSITIVITY=0.7183333333333334, 95%CI=0.592978817315406-0.8436878493512607
SPECIFICITY=nan, 95%CI=nan-nan
ACC=0.5599999999999999, 95%CI=0.5230591282220163-0.5969408717779836
AUC=0.5208333333333334, 95%CI=0.4361059394105112-0.6055607272561556
SENSITIVITY=0.5599999999999999, 95%CI=0.5230591282220163-0.5969408717779836
SPECIFICITY=nan, 95%CI=nan-nan
ACC=0.6183333333333334, 95%CI=0.5189861562346152-0.7176805104320516
AUC=0.6222222222222223, 95%CI=0.5117040651979634-0.7327403792464813
SENSITIVITY=0.6266666666666667, 95%CI=0.5568743758253404-0.696458957507993
SPECIFICITY=nan, 95%CI=nan-nan
