ACC=0.5599999999999999, 95%CI=0.5413941849155554-0.5786058150844445, sd=0.04898979485566355
AUC=0.5208333333333334, 95%CI=0.4278326758387817-0.613833990827885, sd=0.24487414883043923
SENSITIVITY=0.5599999999999999, 95%CI=0.5413941849155554-0.5786058150844445, sd=0.04898979485566355
SPECIFICITY=nan, 95%CI=nan-nan, sd=nan
