ACC=0.5599999999999999, 95%CI=0.5413941849155554-0.5786058150844445, sd=0.04898979485566355
AUC=0.5055555555555555, 95%CI=0.4174312539653427-0.5936798571457684, sd=0.2320345245348883
SENSITIVITY=0.5599999999999999, 95%CI=0.5413941849155554-0.5786058150844445, sd=0.04898979485566355
SPECIFICITY=nan, 95%CI=nan-nan, sd=nan
