ACC=0.9782051282051281,  95%CI=[0.96926259]-[0.98714767]
AUC=0.995536562203229, 95%CI=[0.99270087]-[0.99837225]
SENSITIVITY=0.9625291375291376, 95%CI=[0.94725946]-[0.97779881]
SPECIFICITY=0.9864570614570614, 95%CI=[0.97727086]-[0.99564326]
