ACC=0.9842120181405896,  95%CI=[0.97824111]-[0.99018292]
AUC=0.9946237904571239, 95%CI=[0.99015948]-[0.9990881]
SENSITIVITY=0.9627899877899878, 95%CI=[0.94286852]-[0.98271145]
SPECIFICITY=0.9929800245589718, 95%CI=[0.9878929]-[0.99806715]
