ACC=0.7627668308702791,  95%CI=[0.74589491]-[0.77963875]
AUC=0.8115649578149576, 95%CI=[0.79365016]-[0.82947976]
SENSITIVITY=0.7278344240612042, 95%CI=[0.69555614]-[0.76011271]
SPECIFICITY=0.7815522501247167, 95%CI=[0.7669428]-[0.7961617]
