ACC=0.725752903689999,  95%CI=[0.70348494]-[0.74802087]
AUC=0.7902913444580111, 95%CI=[0.76890872]-[0.81167397]
SENSITIVITY=0.7262910236146317, 95%CI=[0.69515313]-[0.75742891]
SPECIFICITY=0.7348279999069, 95%CI=[0.7111882]-[0.7584678]
