ACC=0.6909844054580897,  95%CI=[0.67215368]-[0.70981514]
AUC=0.6569664594664596, 95%CI=[0.61592927]-[0.69800365]
SENSITIVITY=nan, 95%CI=[nan]-[nan]
SPECIFICITY=0.7287812440908005, 95%CI=[0.72080457]-[0.73675792]
