ACC=0.8300189393939394,  95%CI=[0.8023573]-[0.85768058]
AUC=0.8954298941798942, 95%CI=[0.86833676]-[0.92252303]
SENSITIVITY=0.7732532087795245, 95%CI=[0.72853979]-[0.81796663]
SPECIFICITY=0.8790513076783771, 95%CI=[0.85328658]-[0.90481603]
