ACC=0.7853576248313091,  95%CI=[0.7666175]-[0.80409775]
AUC=0.8492877492877492, 95%CI=[0.83059389]-[0.86798161]
SENSITIVITY=0.6873372923372923, 95%CI=[0.64329487]-[0.73137971]
SPECIFICITY=0.8361354938611149, 95%CI=[0.82145909]-[0.85081189]
