ACC=0.8377551020408163,  95%CI=[0.82123728]-[0.85427292]
AUC=0.8873853019686353, 95%CI=[0.86962429]-[0.90514632]
SENSITIVITY=0.7276334776334777, 95%CI=[0.67891412]-[0.77635284]
SPECIFICITY=0.8680312676565282, 95%CI=[0.8546387]-[0.88142383]
