ACC=0.711793372319688,  95%CI=[0.69878055]-[0.7248062]
AUC=0.6602762669429336, 95%CI=[0.62488921]-[0.69566332]
SENSITIVITY=nan, 95%CI=[nan]-[nan]
SPECIFICITY=0.7351321317655254, 95%CI=[0.72353783]-[0.74672643]
