ACC=0.7126847290640395,  95%CI=[0.69267736]-[0.7326921]
AUC=0.7661598205348206, 95%CI=[0.74553453]-[0.78678511]
SENSITIVITY=0.6231318625072383, 95%CI=[0.58601126]-[0.66025247]
SPECIFICITY=0.7640399489844628, 95%CI=[0.74657139]-[0.78150851]
