ACC=0.7027141792578888,  95%CI=[0.67882126]-[0.7266071]
AUC=0.7889811423144757, 95%CI=[0.76637433]-[0.81158795]
SENSITIVITY=0.7004475991383718, 95%CI=[0.66035009]-[0.74054511]
SPECIFICITY=0.7126926415672624, 95%CI=[0.69277286]-[0.73261242]
