ACC=0.626641414141414,  95%CI=[0.60988368]-[0.64339915]
AUC=0.484755291005291, 95%CI=[0.44635459]-[0.52315599]
SENSITIVITY=nan, 95%CI=[nan]-[nan]
SPECIFICITY=0.6381731915427568, 95%CI=[0.62738069]-[0.6489657]
