ACC=0.8324592074592074, 95%CI=0.7525003136007422-0.9124181013176726
AUC=0.8707142857142858, 95%CI=0.779995861606705-0.9614327098218666
SENSITIVITY=0.8440476190476189, 95%CI=0.7556154945539931-0.9324797435412447
SPECIFICITY=0.8380952380952381, 95%CI=0.7367565880309456-0.9394338881595307
