ACC=0.6790909090909092, 95%CI=0.5939091615181625-0.7642726566636558
AUC=0.7716666666666667, 95%CI=0.6917762485234684-0.851557084809865
SENSITIVITY=0.7003571428571429, 95%CI=0.5999178243277922-0.8007964613864936
SPECIFICITY=0.7288095238095237, 95%CI=0.5967229101256069-0.8608961374934405
