ACC=0.6098901098901099, 95%CI=0.5100927634776186-0.7096874563026013
AUC=0.6386904761904763, 95%CI=0.5266770642140078-0.7507038881669447
SENSITIVITY=0.6564285714285714, 95%CI=0.5328051110330242-0.7800520318241185
SPECIFICITY=0.5642857142857143, 95%CI=0.4395629040368941-0.6890085245345345
