ACC=0.6296296296296297,  95%CI=[ 0.57213791]-[ 0.68712135], sd=0.07051641764688804
AUC=0.6755208333333333, 95%CI=[ 0.58114332]-[ 0.76989835],sd=0.1157586502347305
SENSITIVITY=0.6517555357017204, 95%CI=[ 0.59458441]-[ 0.70892666],sd=0.07012319044628483
SPECIFICITY=0.6121559540677188, 95%CI=[ 0.52639966]-[ 0.69791225],sd=0.10518429579242515
