ACC=0.846011396011396,  95%CI=[ 0.82191543]-[ 0.87010736], sd=0.029554886002092776
AUC=0.914999748389694, 95%CI=[ 0.88411938]-[ 0.94588012],sd=0.03787628905401637
SENSITIVITY=0.8269529610952179, 95%CI=[ 0.79275865]-[ 0.86114728],sd=0.04194100301772024
SPECIFICITY=0.8996788705122039, 95%CI=[ 0.85923044]-[ 0.9401273],sd=0.04961197843829221
