ACC=0.5801620859760395,  95%CI=[ 0.54214301]-[ 0.61818116], sd=0.04663226182314435
AUC=0.5842039049919484, 95%CI=[ 0.52440711]-[ 0.6440007],sd=0.07334370001982136
SENSITIVITY=0.5924962836098904, 95%CI=[ 0.56478432]-[ 0.62020825],sd=0.03399008047065214
SPECIFICITY=0.5622084161299848, 95%CI=[ 0.49957138]-[ 0.62484545],sd=0.07682739588781537
