ACC=0.5904166666666667, 95%CI=0.5568238489009616-0.6240094844323718, sd=0.24091513893208674
AUC=0.6525, 95%CI=0.5910451915578842-0.7139548084421158, sd=0.4407309269838004
SENSITIVITY=0.5971524288107203, 95%CI=0.5630483896703651-0.6312564679510755, sd=0.24396166940752947
SPECIFICITY=0.675, 95%CI=0.5623359834267838-0.7876640165732163, sd=0.43612880360431744
