ACC=0.6335362318840579,  95%CI=[ 0.60261068]-[ 0.66446178]
AUC=0.6902698412698414, 95%CI=[ 0.637407]-[ 0.74313268]
SENSITIVITY=0.6275397871050045, 95%CI=[ 0.60292745]-[ 0.65215213]
SPECIFICITY=nan, 95%CI=[ nan]-[ nan]
