ACC=0.5647907647907647,  95%CI=[ 0.53986278]-[ 0.58971875]
AUC=0.5621604938271605, 95%CI=[ 0.48815347]-[ 0.63616752]
SENSITIVITY=0.5670429765166607, 95%CI=[ 0.55266909]-[ 0.58141686]
SPECIFICITY=nan, 95%CI=[ nan]-[ nan]
