ACC=0.5870845204178538,  95%CI=[ 0.5351445]-[ 0.63902454]
AUC=0.5747486772486773, 95%CI=[ 0.51582784]-[ 0.63366951]
SENSITIVITY=0.5987495500939437, 95%CI=[ 0.55491648]-[ 0.64258262]
SPECIFICITY=0.5771645021645022, 95%CI=[ 0.49176817]-[ 0.66256084]
