ACC=0.6637806637806638,  95%CI=[ 0.60420024]-[ 0.72336109], sd=0.10394018625495068
AUC=0.7184259259259259, 95%CI=[ 0.65806932]-[ 0.77878253],sd=0.10529426725159058
SENSITIVITY=0.6740159840159841, 95%CI=[ 0.63100492]-[ 0.71702705],sd=0.07503435207926226
SPECIFICITY=0.6791414141414142, 95%CI=[ 0.57693566]-[ 0.78134717],sd=0.17830161288282467
