ACC=0.6665223665223665,  95%CI=[ 0.63084197]-[ 0.70220277]
AUC=0.7360185185185185, 95%CI=[ 0.68878027]-[ 0.78325677]
SENSITIVITY=0.6826518144165203, 95%CI=[ 0.640262]-[ 0.72504163]
SPECIFICITY=0.6762578162578162, 95%CI=[ 0.61699505]-[ 0.73552058]
