ACC=0.8233333333333334,  95%CI=[ 0.791199]-[ 0.85546766], sd=0.056059493457337545
AUC=0.9084285714285715, 95%CI=[ 0.8702393]-[ 0.94661785],sd=0.06662256162626205
SENSITIVITY=0.8099984438219733, 95%CI=[ 0.77685364]-[ 0.84314325],sd=0.057822301670953355
SPECIFICITY=0.8592857142857143, 95%CI=[ 0.81951796]-[ 0.89905347],sd=0.06937627795743061
