ACC=0.8402415458937197,  95%CI=[ 0.80460666]-[ 0.87587643]
AUC=0.9089682539682541, 95%CI=[ 0.87925108]-[ 0.93868543]
SENSITIVITY=0.834592174251617, 95%CI=[ 0.79006585]-[ 0.8791185]
SPECIFICITY=0.8755820105820108, 95%CI=[ 0.81820154]-[ 0.93296248]
