ACC=0.5902184235517568,  95%CI=[ 0.53528482]-[ 0.64515203], sd=0.09583365021217789
AUC=0.6284656084656084, 95%CI=[ 0.55660644]-[ 0.70032478],sd=0.12536090225069033
SENSITIVITY=0.6108585597981883, 95%CI=[ 0.56329943]-[ 0.65841769],sd=0.0829686149649518
SPECIFICITY=0.5644771894771895, 95%CI=[ 0.49128242]-[ 0.63767195],sd=0.12769089568351039
