ACC=0.5930674264007598,  95%CI=[ 0.54143572]-[ 0.64469913]
AUC=0.6194973544973545, 95%CI=[ 0.55996709]-[ 0.67902762]
SENSITIVITY=0.6021189709270206, 95%CI=[ 0.55998645]-[ 0.64425149]
SPECIFICITY=0.5894420394420393, 95%CI=[ 0.5097225]-[ 0.66916158]
