ACC=0.7444444444444447, 95%CI=0.6734800873453834-0.8154088015435059
AUC=0.7777777777777778, 95%CI=0.6936111779714998-0.8619443775840557
SENSITIVITY=nan, 95%CI=nan-nan
SPECIFICITY=0.6827777777777778, 95%CI=0.5878095125737064-0.7777460429818492
