ACC=0.6254166666666667, 95%CI=0.5849122616198947-0.6659210717134387, sd=0.28975534459647545
AUC=0.673125, 95%CI=0.6130079707620228-0.7332420292379771, sd=0.43005768145098855
SENSITIVITY=0.6612612612612613, 95%CI=nan-nan, sd=0.300601350600415
SPECIFICITY=0.6497175141242938, 95%CI=nan-nan, sd=0.4090489120880893
