ACC=0.5825, 95%CI=0.5380551161946885-0.6269448838053115, sd=0.3187421022986731
AUC=0.5925, 95%CI=0.5298195768272294-0.6551804231727707, sd=0.4495205779494416
SENSITIVITY=0.6395348837209303, 95%CI=0.5857249535199681-0.6933448139218924, sd=0.35751480798760327
SPECIFICITY=0.5578231292517006, 95%CI=0.49229087486531076-0.6233553836380905, sd=0.4020229746147588
