ACC=0.5825, 95%CI=0.5380551161946885-0.6269448838053115, sd=0.3187421022986731
AUC=0.5925, 95%CI=0.5298195768272294-0.6551804231727707, sd=0.4495205779494416
SENSITIVITY=0.6395348837209303, 95%CI=0.5857249535199681-0.6933448139218924, sd=0.35751480798760327
SPECIFICITY=0.5578231292517006, 95%CI=0.49229087486531076-0.6233553836380905, sd=0.4020229746147588
ACC=0.5695833333333333, 95%CI=0.5282261201222327-0.610940546544434, sd=0.29659848233297187
AUC=0.62125, 95%CI=0.5590886344623434-0.6834113655376566, sd=0.44579809050735064
SENSITIVITY=0.6371308016877637, 95%CI=0.5842140717629634-0.690047531612564, sd=0.33675406568159566
SPECIFICITY=0.5337690631808278, 95%CI=0.4726413548610191-0.5948967715006366, sd=0.38270502506587134
