ACC=0.609, 95%CI=0.5710679332260081-0.6469320667739918, sd=0.19021070188375602
AUC=0.6891666666666667, 95%CI=0.6417534681332374-0.736579865200096, sd=0.23775392533530476
SENSITIVITY=0.6381666666666667, 95%CI=0.5972966630033336-0.6790366703299997, sd=0.20494301375965196
SPECIFICITY=0.6094961240310078, 95%CI=nan-nan, sd=0.3435220063518871
