ACC=0.5532407407407408, 95%CI=0.18151031706100312-0.9249711644204786
AUC=0.6192460317460317, 95%CI=0.2636296328915338-0.9748624306005296
SENSITIVITY=0.5793650793650793, 95%CI=0.37165067613976466-0.787079482590394
SPECIFICITY=0.6148148148148148, 95%CI=-0.21568093443869774-1.4453105640683273
ACC=0.5347222222222222, 95%CI=0.16755637556319114-0.9018880688812533
AUC=0.6324074074074074, 95%CI=0.4978207632728972-0.7669940515419176
SENSITIVITY=0.5846560846560847, 95%CI=0.2815688724832506-0.8877432968289187
SPECIFICITY=0.5119047619047619, 95%CI=-0.06533849675090508-1.0891480205604287
ACC=0.5810185185185185, 95%CI=0.5412447229820238-0.6207923140550132
AUC=0.608425925925926, 95%CI=0.5627591934005737-0.6540926584512784
SENSITIVITY=0.6632911532911534, 95%CI=0.6094431308218754-0.7171391757604314
SPECIFICITY=0.5201841676841676, 95%CI=0.4743824780989525-0.5659858572693828
ACC=0.60625, 95%CI=0.5695265597137423-0.6429734402862576
AUC=0.6539550264550266, 95%CI=0.611193880782998-0.6967161721270552
SENSITIVITY=0.680823250823251, 95%CI=0.6383486233567769-0.7232978782897251
SPECIFICITY=0.5475565175565175, 95%CI=0.5011040388829809-0.594008996230054
