ACC=0.8873484848484847,  95%CI=[ 0.87223581]-[ 0.90246116], sd=0.07578266103418745
AUC=0.9608214285714284, 95%CI=[ 0.9494324]-[ 0.97221046],sd=0.05711038139660167
SENSITIVITY=0.8929206349206348, 95%CI=[ 0.87411209]-[ 0.91172918],sd=0.09431561708488309
SPECIFICITY=0.9196428571428571, 95%CI=[ 0.89697043]-[ 0.94231528],sd=0.11369109947473127
