ACC=0.7065454545454544,  95%CI=[ 0.68101855]-[ 0.73207236], sd=0.12800490693073882
AUC=0.7790000000000002, 95%CI=[ 0.75251927]-[ 0.80548073],sd=0.13278784248232633
SENSITIVITY=0.743297619047619, 95%CI=[ 0.71509202]-[ 0.77150322],sd=0.14143725472381571
SPECIFICITY=0.7083730158730159, 95%CI=[ 0.6719395]-[ 0.74480653],sd=0.18269621049380905
