ACC=0.6176046176046176,  95%CI=[ 0.56418168]-[ 0.67102756], sd=0.093198234159307
AUC=0.6611111111111112, 95%CI=[ 0.60075514]-[ 0.72146708],sd=0.10529315446301263
SENSITIVITY=0.6549248899248898, 95%CI=[ 0.5982602]-[ 0.71158958],sd=0.09885358629521959
SPECIFICITY=0.607095867095867, 95%CI=[ 0.51651481]-[ 0.69767693],sd=0.15802191056030765
