ACC=0.7848405797101449,  95%CI=[ 0.73443107]-[ 0.83525009], sd=0.08794119304485519
AUC=0.8225608465608466, 95%CI=[ 0.76398178]-[ 0.88113991],sd=0.10219327972187298
SENSITIVITY=0.8046198028550968, 95%CI=[ 0.76699909]-[ 0.84224051],sd=0.06563067690002969
SPECIFICITY=0.7791462241462241, 95%CI=[ 0.69453845]-[ 0.863754],sd=0.1476013019995734
