ACC=0.5981006647673314,  95%CI=[ 0.5574763]-[ 0.63872503], sd=0.07087065986305423
AUC=0.6166137566137565, 95%CI=[ 0.55608031]-[ 0.6771472],sd=0.10560277285289796
SENSITIVITY=0.6202335572923807, 95%CI=[ 0.58462781]-[ 0.65583931],sd=0.06211551253435442
SPECIFICITY=0.5801217301217301, 95%CI=[ 0.52197838]-[ 0.63826508],sd=0.10143315930928765
