ACC=0.61875, 95%CI=0.5799316907275976-0.6575683092724024, sd=0.27769356362324604
AUC=0.7175, 95%CI=0.6600431428167672-0.7749568571832328, sd=0.4110276754672366
SENSITIVITY=0.6786372007366482, 95%CI=nan-nan, sd=0.29733476882941323
SPECIFICITY=0.62109375, 95%CI=nan-nan, sd=0.3895971720748436
