ACC=0.5656969696969696, 95%CI=0.5280861388791515-0.6033078005147877, sd=0.13101067887694492
AUC=0.5941666666666666, 95%CI=0.5484251818387357-0.6399081514945976, sd=0.15933237447410226
SENSITIVITY=0.6354920634920634, 95%CI=0.5918446285055947-0.6791394984785322, sd=0.15203812211735426
SPECIFICITY=0.5211370262390671, 95%CI=nan-nan, sd=0.19164222339176276
