ACC=0.5506666666666667, 95%CI=0.5068915048325282-0.5944418285008053, sd=0.22061681209231943
AUC=0.5945833333333332, 95%CI=0.5391259400606035-0.6500407266060629, sd=0.27949258890547785
SENSITIVITY=0.6085858585858586, 95%CI=0.5616629358082826-0.6555087813634345, sd=0.23526573122611427
SPECIFICITY=0.4914772727272727, 95%CI=0.4151590422053868-0.5677955032491586, sd=0.360195954649823
ACC=0.6481666666666668, 95%CI=0.6028111750553787-0.6935221582779548, sd=0.22858131303032334
AUC=0.6858333333333334, 95%CI=0.6266821153869784-0.7449845512796884, sd=0.2981086211433678
SENSITIVITY=0.7175347222222223, 95%CI=0.67017823951886-0.7648912049255845, sd=0.23372201990968583
SPECIFICITY=0.6235294117647059, 95%CI=0.5459056600187119-0.7011531635106999, sd=0.35987737669813463
