ACC=0.609093567251462, 95%CI=0.5864925118769703-0.6316946226259538
AUC=0.5189789377289377, 95%CI=0.4689864193597496-0.5689714560981257
SENSITIVITY=0.6450233946480076, 95%CI=0.6300227762005778-0.6600240130954375
SPECIFICITY=nan, 95%CI=nan-nan
