ACC=0.7759971509971509,  95%CI=[ 0.76190432]-[ 0.79008998]
AUC=0.8211868458132044, 95%CI=[ 0.79688742]-[ 0.84548627]
SENSITIVITY=0.7931652046546211, 95%CI=[ 0.75976031]-[ 0.82657009]
SPECIFICITY=0.7699510690738761, 95%CI=[ 0.71341704]-[ 0.82648509]
ACC=0.7507834757834757,  95%CI=[ 0.70432448]-[ 0.79724248]
AUC=0.817620269726248, 95%CI=[ 0.78439422]-[ 0.85084632]
SENSITIVITY=0.7648698911602136, 95%CI=[ 0.72713202]-[ 0.80260777]
SPECIFICITY=0.7404541446208113, 95%CI=[ 0.66031383]-[ 0.82059445]
