ACC=0.6018518518518519,  95%CI=[ 0.5241298]-[ 0.67957391]
AUC=0.6538194444444445, 95%CI=[ 0.57171883]-[ 0.73592006]
SENSITIVITY=0.6464726631393298, 95%CI=[ 0.5644995]-[ 0.72844583]
SPECIFICITY=nan, 95%CI=[ nan]-[ nan]
ACC=0.5987654320987654,  95%CI=[ 0.52023291]-[ 0.67729796]
AUC=0.6444444444444444, 95%CI=[ 0.55512378]-[ 0.73376511]
SENSITIVITY=0.6587166623577984, 95%CI=[ 0.57677377]-[ 0.74065955]
SPECIFICITY=0.5384457719210042, 95%CI=[ 0.45045376]-[ 0.62643779]
