ACC=0.5523255813953489,  95%CI=[ 0.5083814]-[ 0.59626976]
AUC=0.5565720611916264, 95%CI=[ 0.46905461]-[ 0.64408951]
SENSITIVITY=0.5757138062289773, 95%CI=[ 0.53165615]-[ 0.61977147]
SPECIFICITY=0.5130685863893564, 95%CI=[ 0.31484978]-[ 0.71128739]
ACC=0.5827460653042048,  95%CI=[ 0.53235755]-[ 0.63313458]
AUC=0.6401217793880838, 95%CI=[ 0.56902482]-[ 0.71121874]
SENSITIVITY=0.6125396740021476, 95%CI=[ 0.55889519]-[ 0.66618416]
SPECIFICITY=nan, 95%CI=[ nan]-[ nan]
