ACC=0.8324927536231883,  95%CI=[ 0.79589252]-[ 0.86909299], sd=0.06385042338581354
AUC=0.9134814814814813, 95%CI=[ 0.87956176]-[ 0.9474012],sd=0.059174175029296415
SENSITIVITY=0.8273819824826018, 95%CI=[ 0.78852996]-[ 0.866234],sd=0.06777874822697794
SPECIFICITY=0.8647619047619046, 95%CI=[ 0.80658222]-[ 0.92294159],sd=0.10149654924524461
