ACC=0.6079365079365079,  95%CI=[ 0.55559806]-[ 0.66027496], sd=0.09130630827010541
AUC=0.6698765432098767, 95%CI=[ 0.60401199]-[ 0.7357411],sd=0.11490307572672573
SENSITIVITY=0.6136578374039673, 95%CI=[ 0.57236556]-[ 0.65495012],sd=0.07203586703669478
SPECIFICITY=0.6647474747474748, 95%CI=[ 0.54301148]-[ 0.78648346],sd=0.2123728058060438
