ACC=0.6332383665717,  95%CI=[ 0.58181785]-[ 0.68465889], sd=0.08970494150644046
AUC=0.66265873015873, 95%CI=[ 0.59851562]-[ 0.72680184],sd=0.11189995861956811
SENSITIVITY=0.6467150341918143, 95%CI=[ 0.60135161]-[ 0.69207845],sd=0.07913811586299087
SPECIFICITY=0.6339782439782441, 95%CI=[ 0.55248338]-[ 0.71547311],sd=0.14217072063531505
