ACC=0.6959740259740259,  95%CI=[ 0.66684224]-[ 0.72510581], sd=0.10147541658592069
AUC=0.774962962962963, 95%CI=[ 0.74510365]-[ 0.80482227],sd=0.10400962812876617
SENSITIVITY=0.7246097366685603, 95%CI=[ 0.69701157]-[ 0.7522079],sd=0.0961333229746332
SPECIFICITY=0.674163392163392, 95%CI=[ 0.63208645]-[ 0.71624034],sd=0.14656759827003354
