ACC=0.8880217391304348,  95%CI=[ 0.87242476]-[ 0.90361872], sd=0.054329322937184246
AUC=0.9537301587301589, 95%CI=[ 0.94266489]-[ 0.96479543],sd=0.038543921866156676
SENSITIVITY=0.8902712565212566, 95%CI=[ 0.87272391]-[ 0.90781861],sd=0.06112309376706234
SPECIFICITY=0.9004363414363413, 95%CI=[ 0.875131]-[ 0.92574168],sd=0.08814667907989154
