ACC=0.5670101010101011, 95%CI=0.5357842444996657-0.5982359575205365, sd=0.10876974985642002
AUC=0.5828333333333333, 95%CI=0.5314503017608107-0.634216364905856, sd=0.17898370503111913
SENSITIVITY=0.5796760461760462, 95%CI=0.5576456417300821-0.6017064506220102, sd=0.07673901851250983
SPECIFICITY=0.5111111111111111, 95%CI=nan-nan, sd=0.39194767757484583
