ACC=0.8268803418803421,  95%CI=[0.80788775]-[0.84587294]
AUC=0.9123924365942028, 95%CI=[0.89657202]-[0.92821285]
SENSITIVITY=0.8134439041163178, 95%CI=[0.79605991]-[0.8308279]
SPECIFICITY=0.8607327394827397, 95%CI=[0.83089676]-[0.89056872]
