ACC=0.625,  95%CI=[0.60291269]-[0.64708731]
AUC=0.6857291666666666, 95%CI=[0.65269962]-[0.71875871]
SENSITIVITY=0.6360532588574156, 95%CI=[0.61913826]-[0.65296826]
SPECIFICITY=0.6267462654304761, 95%CI=[0.58624984]-[0.66724269]
