ACC=0.6027307963354475,  95%CI=[0.57509899]-[0.63036261]
AUC=0.6551298309178744, 95%CI=[0.62727467]-[0.68298499]
SENSITIVITY=0.6157468836541917, 95%CI=[0.59152511]-[0.63996866]
SPECIFICITY=0.586482133564177, 95%CI=[0.54921067]-[0.6237536]
