ACC=0.6958857808857809,  95%CI=[ 0.67047749]-[ 0.72129407], sd=0.12741009635871425
AUC=0.7473035714285714, 95%CI=[ 0.71627891]-[ 0.77832823],sd=0.15557343215783134
SENSITIVITY=0.7073106060606059, 95%CI=[ 0.68567681]-[ 0.72894441],sd=0.10848288617024016
SPECIFICITY=0.7175967261904761, 95%CI=[ nan]-[ nan],sd=0.2711321613195152
