ACC=0.5917272727272728,  95%CI=[ 0.56443562]-[ 0.61901892], sd=0.1368542386798016
AUC=0.6342916666666667, 95%CI=[ 0.60091572]-[ 0.66766762],sd=0.16736401507393
SENSITIVITY=0.626531746031746, 95%CI=[ 0.59941004]-[ 0.65365345],sd=0.136002050573295
SPECIFICITY=0.5553253968253968, 95%CI=[ 0.50772256]-[ 0.60292824],sd=0.23870488866487835
