ACC=0.6217582417582417,  95%CI=[ 0.59756551]-[ 0.64595098], sd=0.1213146997276242
AUC=0.6370833333333334, 95%CI=[ 0.60668862]-[ 0.66747804],sd=0.15241455870120033
SENSITIVITY=0.6390507270507271, 95%CI=[ 0.61603114]-[ 0.66207031],sd=0.11543192934187341
SPECIFICITY=0.6309082892416226, 95%CI=[ nan]-[ nan],sd=0.2107213616235149
