ACC=0.6054545454545454,  95%CI=[ 0.55029448]-[ 0.66061461]
AUC=0.6777777777777777, 95%CI=[ 0.61853197]-[ 0.73702359]
SENSITIVITY=0.6315873015873017, 95%CI=[ 0.58698167]-[ 0.67619294]
SPECIFICITY=0.5737301587301589, 95%CI=[ 0.47629561]-[ 0.67116471]
