ACC=0.5936363636363636,  95%CI=[ 0.53975501]-[ 0.64751772], sd=0.14187159056473003
AUC=0.6641666666666666, 95%CI=[ 0.60327107]-[ 0.72506227],sd=0.16034034981182305
SENSITIVITY=0.6177717652717654, 95%CI=[ 0.57558268]-[ 0.65996085],sd=0.111085415406807
SPECIFICITY=0.6143678160919539, 95%CI=[ nan]-[ nan],sd=0.28450035132090873
