ACC=0.7780497280497278,  95%CI=[ 0.73707213]-[ 0.81902733], sd=0.1078955250597749
AUC=0.8436904761904762, 95%CI=[ 0.80173187]-[ 0.88564909],sd=0.11047856370603644
SENSITIVITY=0.8042592592592593, 95%CI=[ 0.76542198]-[ 0.84309654],sd=0.10225998417944085
SPECIFICITY=0.7515873015873017, 95%CI=[ 0.6911679]-[ 0.8120067],sd=0.15908650476703606
