ACC=0.792871017871018,  95%CI=[ 0.75395025]-[ 0.83179179]
AUC=0.8442857142857144, 95%CI=[ 0.7994063]-[ 0.88916513]
SENSITIVITY=0.808968253968254, 95%CI=[ 0.77602055]-[ 0.84191596]
SPECIFICITY=0.7916666666666667, 95%CI=[ 0.72720284]-[ 0.8561305]
