ACC=0.563919413919414,  95%CI=[ 0.51031379]-[ 0.61752504], sd=0.14114558906387123
AUC=0.6065476190476191, 95%CI=[ 0.53636938]-[ 0.67672586],sd=0.1847818855789042
SENSITIVITY=0.5949759499759499, 95%CI=[ 0.54145537]-[ 0.64849653],sd=0.14092166179136997
SPECIFICITY=0.5348280423280423, 95%CI=[ 0.45364725]-[ 0.61600883],sd=0.2137519975829548
