ACC=0.590842490842491,  95%CI=[ 0.5489209]-[ 0.63276408]
AUC=0.6225198412698413, 95%CI=[ 0.56595752]-[ 0.67908216]
SENSITIVITY=0.6017572242572243, 95%CI=[ 0.56881216]-[ 0.63470229]
SPECIFICITY=nan, 95%CI=[ nan]-[ nan]
