ACC=0.48300000000000004, 95%CI=0.45736261673283174-0.5086373832671683, sd=0.12920655298139228
AUC=0.4129166666666667, 95%CI=0.36081587498959317-0.46501745834374025, sd=0.26257608391793613
SENSITIVITY=0.5414035087719297, 95%CI=0.5077916079301196-0.5750154096137398, sd=0.1693962992114023
SPECIFICITY=0.26564625850340134, 95%CI=0.21988898048366018-0.3114035365231425, sd=0.23060622471222214
ACC=0.4775, 95%CI=0.4472434022898125-0.5077565977101874, sd=0.15248633818586282
AUC=0.39069444444444446, 95%CI=0.3409061621030269-0.44048272678586203, sd=0.2509215653235976
SENSITIVITY=0.5159649122807018, 95%CI=0.4820707093702711-0.5498591151911326, sd=0.16638424825414685
SPECIFICITY=0.2836666666666667, 95%CI=0.20774779734222712-0.3595855359911062, sd=0.2671347974338049
ACC=0.6423333333333332, 95%CI=0.5964706337701834-0.688196032896483, sd=0.23113752519994574
AUC=0.6233333333333334, 95%CI=0.5607404520804653-0.6859262145862015, sd=0.31545381771522607
SENSITIVITY=0.7594202898550726, 95%CI=0.7032874557495408-0.8155531239606044, sd=0.27104985044096697
SPECIFICITY=0.5766666666666667, 95%CI=0.5080922934184611-0.6452410399148722, sd=0.32740845483325
