ACC=0.5601851851851852, 95%CI=0.5589418897745954-0.5614284805957751, sd=0.003273642505493264
AUC=0.4919874338624338, 95%CI=0.46273764018821684-0.5212372275366508, sd=0.07701578163422614
SENSITIVITY=0.5601851851851852, 95%CI=0.5589418897745954-0.5614284805957751, sd=0.003273642505493264
SPECIFICITY=nan, 95%CI=nan-nan, sd=nan
