ACC=0.6663636363636364, 95%CI=0.5660809711352764-0.7666463015919963
AUC=0.7316666666666667, 95%CI=0.6470898316196805-0.8162435017136529
SENSITIVITY=0.6909523809523809, 95%CI=0.5787154924096397-0.803189269495122
SPECIFICITY=0.6830952380952381, 95%CI=0.5219831551772924-0.8442073210131837
