ACC=0.8492424242424242, 95%CI=0.7662063019660391-0.9322785465188094
AUC=0.93, 95%CI=0.8749774746796223-0.9850225253203778
SENSITIVITY=0.8527777777777779, 95%CI=0.7675405758255567-0.938014979729999
SPECIFICITY=0.8666666666666666, 95%CI=0.7607706940904484-0.9725626392428848
