ACC=0.5719780219780219, 95%CI=0.476767684778597-0.6671883591774469
AUC=0.6172619047619048, 95%CI=0.4976300679923854-0.7368937415314242
SENSITIVITY=0.591062271062271, 95%CI=0.5095011553465888-0.6726233867779533
SPECIFICITY=0.58, 95%CI=0.41654466228086917-0.7434553377191307
