ACC=0.6694444444444445, 95%CI=0.6401891988277072-0.6986996900611818
AUC=0.7094791666666664, 95%CI=0.6809217140626008-0.738036619270732
SENSITIVITY=0.7134915544240489, 95%CI=0.688898873865542-0.7380842349825557
SPECIFICITY=0.6290129310833646, 95%CI=0.5945909239222054-0.6634349382445239
