ACC=0.8057264957264958, 95%CI=0.7774711170114637-0.8339818744415279
AUC=0.8801517210144928, 95%CI=0.8566617125198674-0.9036417295091181
SENSITIVITY=0.8609635562833841, 95%CI=0.8365262049453513-0.8854009076214168
SPECIFICITY=0.7429237197271253, 95%CI=0.7064970931241313-0.7793503463301193
