ACC=0.5762332628611698, 95%CI=0.5500841186597474-0.6023824070625923
AUC=0.6270803140096619, 95%CI=0.6009536350001549-0.653206993019169
SENSITIVITY=0.6170849586415913, 95%CI=0.5892908173125889-0.6448790999705937
SPECIFICITY=0.5360360185473929, 95%CI=0.5096731269467302-0.5623989101480557
