ACC=0.6502088554720133, 95%CI=0.541966930799186-0.7584507801448407
AUC=0.6498778998778998, 95%CI=0.5507433496058517-0.7490124501499479
SENSITIVITY=0.6449456975772765, 95%CI=0.5590522175108165-0.7308391776437365
SPECIFICITY=nan, 95%CI=nan-nan
ACC=0.6309523809523809, 95%CI=0.5523286070049026-0.7095761548998593
AUC=0.6125, 95%CI=0.3989211410494654-0.8260788589505347
SENSITIVITY=0.6376190476190475, 95%CI=0.5793551670219176-0.6958829282161775
SPECIFICITY=nan, 95%CI=nan-nan
ACC=0.61687552213868, 95%CI=0.5773749217200704-0.6563761225572896
AUC=0.6368284493284493, 95%CI=0.3190597542713409-0.9545971443855576
SENSITIVITY=0.6274018379281537, 95%CI=0.6094291865918494-0.6453744892644581
SPECIFICITY=nan, 95%CI=nan-nan
