ACC=0.6171818181818183,  95%CI=[ 0.59602433]-[ 0.6383393], sd=0.10609441452493355
AUC=0.6368333333333334, 95%CI=[ 0.60708221]-[ 0.66658446],sd=0.14918728907726095
SENSITIVITY=0.6373354978354978, 95%CI=[ 0.61677758]-[ 0.65789342],sd=0.10308787927507426
SPECIFICITY=0.6104577521244188, 95%CI=[ nan]-[ nan],sd=0.25476559036478963
