ACC=0.7755303030303031,  95%CI=[ 0.75516845]-[ 0.79589215], sd=0.1021046771801843
AUC=0.839857142857143, 95%CI=[ 0.81711187]-[ 0.86260241],sd=0.11405637703722289
SENSITIVITY=0.7697705627705628, 95%CI=[ 0.749501]-[ 0.79004013],sd=0.10164192250942314
SPECIFICITY=0.8454761904761905, 95%CI=[ 0.81060131]-[ 0.88035107],sd=0.17488042562078276
