ACC=0.5512525252525253, 95%CI=0.5218888841576488-0.5806161663474019, sd=0.10228305172977585
AUC=0.5455000000000001, 95%CI=0.49349573750746445-0.5975042624925357, sd=0.18114765309609238
SENSITIVITY=0.5795266955266956, 95%CI=0.5517937027244001-0.607259688328991, sd=0.09660297673075784
SPECIFICITY=0.4724358974358974, 95%CI=nan-nan, sd=0.2390914808395855
ACC=0.5731313131313133, 95%CI=0.5479401046054407-0.5983225216571858, sd=0.08774912063739125
AUC=0.53, 95%CI=0.48338658019183744-0.5766134198081626, sd=0.16236960580382306
SENSITIVITY=0.5857337662337663, 95%CI=0.564395365576965-0.6070721668905675, sd=0.07432854567177968
SPECIFICITY=0.5326923076923077, 95%CI=nan-nan, sd=0.31199252022423735
