ACC=0.6427272727272727,  95%CI=[ 0.61885653]-[ 0.66659801], sd=0.11970003831893171
AUC=0.7133333333333332, 95%CI=[ 0.68305309]-[ 0.74361358],sd=0.15184055965240498
SENSITIVITY=0.6682781385281384, 95%CI=[ 0.6438347]-[ 0.69272158],sd=0.12257187450080106
SPECIFICITY=0.6535592808551992, 95%CI=[ nan]-[ nan],sd=0.22396677470041895
