ACC=0.8171386946386947,  95%CI=[ 0.79639524]-[ 0.83788215], sd=0.1040182299363151
AUC=0.9096428571428571, 95%CI=[ 0.89334891]-[ 0.9259368],sd=0.08170613720610503
SENSITIVITY=0.8451850649350647, 95%CI=[ 0.82404656]-[ 0.86632357],sd=0.10599921600116004
SPECIFICITY=0.8305039682539682, 95%CI=[ 0.79693518]-[ 0.86407276],sd=0.16833101948485696
