ACC=0.6112087912087912,  95%CI=[ 0.58600619]-[ 0.63641139], sd=0.12637869077286565
AUC=0.6540178571428572, 95%CI=[ 0.62194939]-[ 0.68608632],sd=0.16080760903773525
SENSITIVITY=0.6448030303030302, 95%CI=[ 0.61696795]-[ 0.67263811],sd=0.1395792487035405
SPECIFICITY=0.6071410533910534, 95%CI=[ 0.5694175]-[ 0.6448646],sd=0.1891650854920597
