ACC=0.8428205128205128,  95%CI=[ 0.8231887]-[ 0.86245233], sd=0.0984439122657307
AUC=0.9126071428571427, 95%CI=[ 0.89490411]-[ 0.93031018],sd=0.08877202945909098
SENSITIVITY=0.8637247474747474, 95%CI=[ 0.84310561]-[ 0.88434388],sd=0.10339484087005364
SPECIFICITY=0.8487380952380952, 95%CI=[ 0.81923649]-[ 0.8782397],sd=0.14793608620247808
