ACC=0.653909090909091,  95%CI=[ 0.63000017]-[ 0.67781801], sd=0.11989151432278923
AUC=0.7261666666666666, 95%CI=[ 0.69856002]-[ 0.75377332],sd=0.13843379885947893
SENSITIVITY=0.7163849206349207, 95%CI=[ 0.68865965]-[ 0.74411019],sd=0.13902864051780037
SPECIFICITY=0.6263492063492064, 95%CI=[ 0.59127059]-[ 0.66142782],sd=0.1759020501362235
