ACC=0.628186813186813,  95%CI=[ 0.60479268]-[ 0.65158094], sd=0.11731008567442917
AUC=0.67875, 95%CI=[ 0.65009273]-[ 0.70740727],sd=0.14370212650525224
SENSITIVITY=0.6397576312576312, 95%CI=[ 0.61919617]-[ 0.6603191],sd=0.10310565773258541
SPECIFICITY=0.6247113997113997, 95%CI=[ nan]-[ nan],sd=0.20731204292230782
