ACC=0.6078333333333333, 95%CI=0.5670007554553547-0.648665911211312, sd=0.20475534181065946
AUC=0.6133333333333334, 95%CI=0.5566426002013112-0.6700240664653556, sd=0.2842762089288567
SENSITIVITY=0.6533670033670034, 95%CI=nan-nan, sd=0.24083631640970302
SPECIFICITY=0.5810035842293907, 95%CI=nan-nan, sd=0.32728008565667427
