ACC=0.49606481481481485, 95%CI=0.4526649888145544-0.5394646408150753
AUC=0.46349206349206357, 95%CI=0.4079405380682215-0.5190435889159056
SENSITIVITY=0.5362125837125837, 95%CI=0.49884318279075257-0.5735819846344149
SPECIFICITY=nan, 95%CI=nan-nan
