ACC=0.8317307692307694, 95%CI=0.8068967208270716-0.8565648176344671
AUC=0.9046875000000002, 95%CI=0.8827861212879852-0.9265888787120152
SENSITIVITY=0.8217913434230717, 95%CI=0.7984090142041858-0.8451736726419576
SPECIFICITY=0.8682692956338467, 95%CI=0.832451366288285-0.9040872249794084
