ACC=0.6351851851851852, 95%CI=0.6081190124618236-0.6622513579085467
AUC=0.6831770833333333, 95%CI=0.6498690420012154-0.7164851246654511
SENSITIVITY=0.6448184526155541, 95%CI=0.6228253719636535-0.6668115332674548
SPECIFICITY=0.6217109742109742, 95%CI=0.5797834377460385-0.66363851067591
