ACC=0.586169837914024, 95%CI=0.5640552831579685-0.6082843926700795
AUC=0.6297705314009662, 95%CI=0.6044003497697992-0.6551407130321332
SENSITIVITY=0.6001109336070223, 95%CI=0.5807107360075189-0.6195111312065257
SPECIFICITY=0.5642896910737468, 95%CI=0.530649431516961-0.5979299506305327
