ACC=0.6372222222222222,  95%CI=[ 0.60742896]-[ 0.66701548], sd=0.2617845924410109
AUC=0.6775, 95%CI=[ 0.63828943]-[ 0.71671057],sd=0.3445316869800706
SENSITIVITY=0.6963869463869464, 95%CI=[ nan]-[ nan],sd=0.2939934817114329
SPECIFICITY=0.6159147869674185, 95%CI=[ nan]-[ nan],sd=0.371883399172387
