ACC=0.7749444444444444,  95%CI=[ 0.75068041]-[ 0.79920848], sd=0.2132009065253004
AUC=0.8508333333333333, 95%CI=[ 0.82362134]-[ 0.87804533],sd=0.23910374704686635
SENSITIVITY=0.835367231638418, 95%CI=[ nan]-[ nan],sd=0.20378159068967014
SPECIFICITY=0.7706766917293233, 95%CI=[ nan]-[ nan],sd=0.30799802519696307
