ACC=0.6051666666666667,  95%CI=[ 0.57871226]-[ 0.63162107], sd=0.23244706685370087
AUC=0.6463888888888889, 95%CI=[ 0.61425853]-[ 0.67851925],sd=0.2823199469912387
SENSITIVITY=0.6428813559322034, 95%CI=[ nan]-[ nan],sd=0.26414446885090515
SPECIFICITY=0.6023096129837703, 95%CI=[ nan]-[ nan],sd=0.3449895097212419
