ACC=0.654989898989899, 95%CI=0.6225883244024574-0.6873914735773407, sd=0.11286515588939465
AUC=0.7176666666666667, 95%CI=0.6778970631836795-0.7574362701496539, sd=0.1385303817459068
SENSITIVITY=0.7233809523809523, 95%CI=0.6870412597143283-0.7597206450475764, sd=0.12658289388753646
SPECIFICITY=0.6138095238095238, 95%CI=0.5707402541293566-0.656878793489691, sd=0.15002418550296373
