ACC=0.7991239316239318, 95%CI=0.7783008782064755-0.8199469850413881
AUC=0.8611979166666667, 95%CI=0.8426806210984535-0.8797152122348798
SENSITIVITY=0.817788606547727, 95%CI=0.7963545047704799-0.8392227083249741
SPECIFICITY=0.7773185746715158, 95%CI=0.7463560784961587-0.8082810708468728
ACC=0.7913170163170163, 95%CI=0.7205878430429277-0.862046189591105
AUC=0.8464285714285715, 95%CI=0.7788444276323515-0.9140127152247915
SENSITIVITY=0.8168253968253968, 95%CI=0.7388112867238676-0.8948395069269259
SPECIFICITY=0.8154761904761905, 95%CI=0.6923105057000788-0.9386418752523021
