ACC=0.6654545454545454, 95%CI=0.5925975636435044-0.7383115272655865
AUC=0.7266666666666667, 95%CI=0.6360059990230057-0.8173273343103277
SENSITIVITY=0.7122222222222223, 95%CI=0.6159157180206524-0.8085287264237923
SPECIFICITY=0.641904761904762, 95%CI=0.5238272005666869-0.7599823232428371
