ACC=0.571978021978022, 95%CI=0.46994471712373637-0.6740113268323078
AUC=0.5610119047619048, 95%CI=0.4658447080985621-0.6561791014252475
SENSITIVITY=0.595, 95%CI=0.4968363311915254-0.6931636688084746
SPECIFICITY=0.5873015873015873, 95%CI=0.43217507018148793-0.7424281044216867
