ACC=0.5843358395989975, 95%CI=0.479273278459181-0.689398400738814
AUC=0.6047008547008547, 95%CI=0.40494955834408863-0.8044521510576207
SENSITIVITY=0.7307692307692308, 95%CI=0.5078337950909453-0.9537046664475164
SPECIFICITY=0.4576719576719577, 95%CI=0.3645007130973973-0.5508432022465181
ACC=0.5491645781119465, 95%CI=0.32347723559241515-0.7748519206314779
AUC=0.5837912087912088, 95%CI=0.44640732294945235-0.7211750946329654
SENSITIVITY=0.6622710622710622, 95%CI=0.3609831629610178-0.9635589615811067
SPECIFICITY=0.35833333333333334, 95%CI=-0.01600844418062025-0.7326751108472869
