ACC=0.5601851851851852, 95%CI=0.5589418897745954-0.5614284805957751, sd=0.003273642505493264
AUC=0.4914880952380952, 95%CI=0.42884397180835476-0.5541322186678357, sd=0.16494427907657902
SENSITIVITY=0.5601851851851852, 95%CI=0.5589418897745954-0.5614284805957751, sd=0.003273642505493264
SPECIFICITY=nan, 95%CI=nan-nan, sd=nan
