ACC=0.9784210526315787,  95%CI=[0.97167744]-[0.98516466]
AUC=0.988758309591643, 95%CI=[0.98387774]-[0.99363888]
SENSITIVITY=0.9430647130647131, 95%CI=[0.92635099]-[0.95977844]
SPECIFICITY=0.9974358974358974, 95%CI=[0.9937922]-[1.0010796]
