ACC=0.9767380952380953,  95%CI=[0.97070314]-[0.98277305]
AUC=0.9900923359256691, 95%CI=[0.98421132]-[0.99597335]
SENSITIVITY=0.9253052503052503, 95%CI=[0.90429354]-[0.94631696]
SPECIFICITY=0.9973196881091617, 95%CI=[0.9942647]-[1.00037467]
