ACC=0.7062382399768418,  95%CI=[0.68715961]-[0.72531687]
AUC=0.7462136628803296, 95%CI=[0.72522412]-[0.7672032]
SENSITIVITY=0.7164818095660741, 95%CI=[0.68184312]-[0.7511205]
SPECIFICITY=0.7108392020771462, 95%CI=[0.69310043]-[0.72857797]
