ACC=0.731436593627064,  95%CI=[0.71449171]-[0.74838148]
AUC=0.7924689841356507, 95%CI=[0.77481919]-[0.81011878]
SENSITIVITY=0.6417197417810118, 95%CI=[0.61159582]-[0.67184367]
SPECIFICITY=0.7905735675896053, 95%CI=[0.77718053]-[0.80396661]
