ACC=0.6225146198830409,  95%CI=[0.60004781]-[0.64498143]
AUC=0.6343559526892861, 95%CI=[0.60464312]-[0.66406879]
SENSITIVITY=0.3877120550301665, 95%CI=[0.35919216]-[0.41623195]
SPECIFICITY=0.807213690322297, 95%CI=[0.78509107]-[0.82933631]
