ACC=0.8350937950937952,  95%CI=[0.81222237]-[0.85796522]
AUC=0.8593175343175342, 95%CI=[0.8329671]-[0.88566797]
SENSITIVITY=0.7205924337387187, 95%CI=[0.68688269]-[0.75430217]
SPECIFICITY=0.951188946072847, 95%CI=[0.93261867]-[0.96975922]
