ACC=0.4894820384294068, 95%CI=0.441866264444675-0.5370978124141386
AUC=0.4781898656898657, 95%CI=0.4308407203366658-0.5255390110430657
SENSITIVITY=0.617173393055746, 95%CI=0.5716011934306608-0.6627455926808312
SPECIFICITY=0.3573535723535724, 95%CI=0.30917110269787046-0.40553604200927434
