ACC=0.6121666666666666, 95%CI=0.5738970100544724-0.6504363232788609, sd=0.19190354926947606
AUC=0.6636111111111112, 95%CI=0.6126786355848393-0.714543586637383, sd=0.25540137257092244
SENSITIVITY=0.6551666666666667, 95%CI=0.6143577951015203-0.695975538231813, sd=0.20463646628431925
SPECIFICITY=0.5961240310077519, 95%CI=nan-nan, sd=0.35252571898958757
