ACC=0.5916666666666667, 95%CI=0.551145471985508-0.6321878613478253, sd=0.2898754521821014
AUC=0.633125, 95%CI=0.5736872940215041-0.692562705978496, sd=0.4251980237195371
SENSITIVITY=0.6280701754385964, 95%CI=nan-nan, sd=0.30392426686213875
SPECIFICITY=0.5890804597701149, 95%CI=nan-nan, sd=0.4329745610745736
