ACC=0.5659722222222222, 95%CI=0.5513549064205541-0.5805895380238904, sd=0.038487929672206
AUC=0.521630291005291, 95%CI=0.4763258362665117-0.5669347457440703, sd=0.11928829420410991
SENSITIVITY=0.5725422725422724, 95%CI=0.5585248987282364-0.5865596463563084, sd=0.03690826037172105
SPECIFICITY=0.5502834467120181, 95%CI=nan-nan, sd=0.11869196956632286
