ACC=0.4993589743589743, 95%CI=0.47346906182691856-0.5252488868910301
AUC=0.5355820105820105, 95%CI=0.48880763055253834-0.5823563906114826
SENSITIVITY=0.5093508343508344, 95%CI=0.481401525277687-0.5373001434239818
SPECIFICITY=nan, 95%CI=nan-nan
