ACC=0.56, 95%CI=0.5253060505741821-0.594693949425818
AUC=0.5119444444444444, 95%CI=0.43881880964742637-0.5850700792414625
SENSITIVITY=0.5889333814333814, 95%CI=0.5480798341007133-0.6297869287660495
SPECIFICITY=nan, 95%CI=nan-nan
