ACC=0.6981546231546232, 95%CI=0.656585408767962-0.7397238375412843
AUC=0.7410119047619049, 95%CI=0.675025984808522-0.8069978247152878
SENSITIVITY=0.7093674843674845, 95%CI=0.6701393235837678-0.7485956451512012
SPECIFICITY=0.7205555555555557, 95%CI=0.6340322276678921-0.8070788834432193
