ACC=0.6206959706959707, 95%CI=0.5857343112362292-0.6556576301557122
AUC=0.6312996031746033, 95%CI=0.5773490321607178-0.6852501741884889
SENSITIVITY=0.6191307766307766, 95%CI=0.5910008824065512-0.647260670855002
SPECIFICITY=nan, 95%CI=nan-nan
