ACC=0.6344444444444446, 95%CI=0.5756546217911244-0.6932342670977648
AUC=0.6013888888888889, 95%CI=0.47298000506813953-0.7297977727096382
SENSITIVITY=0.6722222222222224, 95%CI=0.6004531629136879-0.7439912815307569
SPECIFICITY=nan, 95%CI=nan-nan
