ACC=0.9794501133786847, 95%CI=0.9788403269940601-0.9800598997633093
AUC=0.9949845679012346, 95%CI=0.9734049052897968-1.0165642305126723
SENSITIVITY=0.9487179487179488, 95%CI=0.8383935197458648-1.0590423776900326
SPECIFICITY=0.9912280701754387, 95%CI=0.9534855023691995-1.0289706379816779
ACC=0.9691043083900226, 95%CI=0.9603218466602914-0.9778867701197538
AUC=0.9944548715382049, 95%CI=0.9912535947460944-0.9976561483303154
SENSITIVITY=0.937964812964813, 95%CI=0.9162389495169929-0.9596906764126332
SPECIFICITY=0.9816210339894551, 95%CI=0.972054233757023-0.9911878342218872
ACC=0.9766439909297053, 95%CI=0.9683656060007751-0.9849223758586355
AUC=0.9958375041708376, 95%CI=0.993290186502221-0.9983848218394542
SENSITIVITY=0.9469780219780222, 95%CI=0.9249451702104635-0.9690108737455808
SPECIFICITY=0.9886317309423855, 95%CI=0.9809618817407747-0.9963015801439964
ACC=0.9724773242630387, 95%CI=0.9639811176938872-0.9809735308321902
AUC=0.9939856523189856, 95%CI=0.9898484939576693-0.998122810680302
SENSITIVITY=0.941047841047841, 95%CI=0.9182099318671729-0.9638857502285091
SPECIFICITY=0.9847706784626289, 95%CI=0.9776451617213741-0.9918961952038837
