ACC=0.9824561403508772, 95%CI=0.9447135725446381-1.0201987081571164
AUC=1.0, 95%CI=nan-nan
SENSITIVITY=0.9487179487179488, 95%CI=0.8383935197458648-1.0590423776900326
SPECIFICITY=1.0, 95%CI=nan-nan
ACC=0.967723796671165, 95%CI=0.9565697783066478-0.9788778150356823
AUC=0.9922166824944604, 95%CI=0.9889813807199911-0.9954519842689297
SENSITIVITY=0.9440018315018316, 95%CI=0.9265692891880326-0.9614343738156306
SPECIFICITY=0.9806674806674807, 95%CI=0.9682428109512462-0.9930921503837151
ACC=0.9685560053981105, 95%CI=0.9571951759655362-0.9799168348306848
AUC=0.9936194207027543, 95%CI=0.990508021731052-0.9967308196744566
SENSITIVITY=0.9465238465238467, 95%CI=0.9288548276611026-0.9641928653865908
SPECIFICITY=0.9804857339340096, 95%CI=0.9680166380349877-0.9929548298330315
