ACC=0.7586275567889814, 95%CI=0.5554567727963702-0.9617983407815927
AUC=0.8038450232894677, 95%CI=0.5867094379671385-1.020980608611797
SENSITIVITY=0.8333333333333334, 95%CI=0.41931038135937454-1.2473562853072921
SPECIFICITY=0.7322029822029822, 95%CI=0.6099171431912458-0.8544888212147186
ACC=0.732604841196423, 95%CI=0.7152410911733513-0.7499685912194947
AUC=0.7831738683127571, 95%CI=0.7635320405476951-0.8028156960778192
SENSITIVITY=0.769228362149011, 95%CI=0.7329322455576585-0.8055244787403636
SPECIFICITY=0.7232283442305334, 95%CI=0.7094701874889019-0.7369865009721649
ACC=0.7511242162606641, 95%CI=0.7336381855826379-0.7686102469386902
AUC=0.8081049043549045, 95%CI=0.7912247508412986-0.8249850578685103
SENSITIVITY=0.8009749378015631, 95%CI=0.7716392941258231-0.8303105814773032
SPECIFICITY=0.7360202873825603, 95%CI=0.7188928849460924-0.7531476898190282
