ACC=0.736842105263158, 95%CI=0.6475859787764933-0.8260982317498227
AUC=0.5707480790814125, 95%CI=0.23645815101248502-0.9050380071503399
SENSITIVITY=nan, 95%CI=nan-nan
SPECIFICITY=0.7379995126705653, 95%CI=0.6438263779541844-0.8321726473869462
ACC=0.7187134502923976, 95%CI=0.7035306246651604-0.7338962759196349
AUC=0.652530864197531, 95%CI=0.617964062816763-0.6870976655782991
SENSITIVITY=nan, 95%CI=nan-nan
SPECIFICITY=0.7372284206490363, 95%CI=0.7284602095080223-0.7459966317900503
ACC=0.7200292397660818, 95%CI=0.7035045092315506-0.736553970300613
AUC=0.6844282569282569, 95%CI=0.6414125751568515-0.7274439386996624
SENSITIVITY=nan, 95%CI=nan-nan
SPECIFICITY=0.7361772868594173, 95%CI=0.7252604217360931-0.7470941519827415
