ACC=0.7723727422003283, 95%CI=0.5878981526645278-0.9568473317361287
AUC=0.8449109824109824, 95%CI=0.6472173627048581-1.0426046021171067
SENSITIVITY=0.8095238095238096, 95%CI=0.35737490687304274-1.2616727121745765
SPECIFICITY=0.766629711751663, 95%CI=0.6534208671777963-0.8798385563255295
ACC=0.7747536945812808, 95%CI=0.7580011122796275-0.7915062768829342
AUC=0.8124357393107394, 95%CI=0.7916775322065925-0.8331939464148863
SENSITIVITY=0.8159215702598056, 95%CI=0.7686341212501882-0.8632090192694231
SPECIFICITY=0.7680879392975524, 95%CI=0.7559015952146434-0.7802742833804613
ACC=0.7749589490968801, 95%CI=0.7604549742612227-0.7894629239325376
AUC=0.8041269841269842, 95%CI=0.7853230498692432-0.8229309183847253
SENSITIVITY=0.799838620128868, 95%CI=0.7679426987592223-0.8317345414985137
SPECIFICITY=0.7713874400164251, 95%CI=0.7579136386942339-0.7848612413386163
