ACC=0.8768939393939394, 95%CI=0.6723024755017286-1.0814854032861503
AUC=0.924702380952381, 95%CI=0.7700349918643903-1.0793697700403717
SENSITIVITY=0.8278388278388279, 95%CI=0.4512289537012725-1.2044487019763834
SPECIFICITY=0.9144781144781144, 95%CI=0.8271823906358835-1.0017738383203454
ACC=0.8364267676767675, 95%CI=0.8134431575008974-0.8594103778526376
AUC=0.9042890211640212, 95%CI=0.8823966393016054-0.926181403026437
SENSITIVITY=0.7799529551116239, 95%CI=0.738477611458749-0.8214282987644987
SPECIFICITY=0.8885847401253916, 95%CI=0.8663583409261981-0.910811139324585
ACC=0.8324179292929291, 95%CI=0.8059434961172937-0.8588923624685646
AUC=0.8981812169312168, 95%CI=0.8763847909468132-0.9199776429156203
SENSITIVITY=0.7723320418831254, 95%CI=0.7286571453922974-0.8160069383739534
SPECIFICITY=0.8826583945062879, 95%CI=0.8585702255997899-0.9067465634127859
