ACC=0.5877314814814815, 95%CI=0.5495814525851922-0.6258815103777707, sd=0.10045042804544455
AUC=0.5934986772486772, 95%CI=0.5425100239572299-0.6444873305401245, sd=0.13425499787982692
SENSITIVITY=0.5990307840307841, 95%CI=0.5721900394927995-0.6258715285687688, sd=0.07067266672925732
SPECIFICITY=0.5679392446633826, 95%CI=nan-nan, sd=0.2339633119171778
ACC=0.5659722222222221, 95%CI=0.5178689797868526-0.6140754646575916, sd=0.12665760506086118
AUC=0.5867493386243386, 95%CI=0.5301892626765204-0.6433094145721568, sd=0.1489247584762329
SENSITIVITY=0.5905567118067119, 95%CI=0.5521491503665051-0.6289642732469186, sd=0.10112852069754874
SPECIFICITY=0.5085831863609642, 95%CI=nan-nan, sd=0.22842719572353348
