ACC=0.6124242424242424,  95%CI=[ 0.55809977]-[ 0.66674871]
AUC=0.6706944444444446, 95%CI=[ 0.60077387]-[ 0.74061502]
SENSITIVITY=0.6582876382876383, 95%CI=[ 0.59850159]-[ 0.71807369]
SPECIFICITY=nan, 95%CI=[ nan]-[ nan]
