ACC=0.7220862470862472,  95%CI=[ 0.67652717]-[ 0.76764533]
AUC=0.781904761904762, 95%CI=[ 0.72388467]-[ 0.83992485]
SENSITIVITY=0.7433285233285234, 95%CI=[ 0.69850575]-[ 0.7881513]
SPECIFICITY=nan, 95%CI=[ nan]-[ nan]
