ACC=0.6280219780219781,  95%CI=[ 0.58080976]-[ 0.67523419]
AUC=0.6688492063492062, 95%CI=[ 0.61782742]-[ 0.719871]
SENSITIVITY=0.67485347985348, 95%CI=[ 0.61563468]-[ 0.73407228]
SPECIFICITY=nan, 95%CI=[ nan]-[ nan]
