ACC=0.7745337995337996, 95%CI=0.6967277565472313-0.852339842520368
AUC=0.8007142857142856, 95%CI=0.7015912325154268-0.8998373389131444
SENSITIVITY=0.7747619047619048, 95%CI=0.7017671387141702-0.8477566708096393
SPECIFICITY=0.8166666666666667, 95%CI=0.6687109042787134-0.9646224290546199
