ACC=0.5718181818181818, 95%CI=0.46349799286454946-0.680138370771814
AUC=0.5566666666666666, 95%CI=0.431186216805429-0.6821471165279043
SENSITIVITY=0.6082142857142856, 95%CI=0.5258166666783425-0.6906119047502287
SPECIFICITY=0.5333333333333333, 95%CI=0.3859122881350588-0.6807543785316079
