ACC=0.6192307692307691, 95%CI=0.5409253289820425-0.6975362094794958
AUC=0.6482142857142857, 95%CI=0.5335277997320911-0.7629007716964804
SENSITIVITY=0.6253613053613052, 95%CI=0.558638731225851-0.6920838794967594
SPECIFICITY=nan, 95%CI=nan-nan
