ACC=0.6150549450549451,  95%CI=[ 0.59050549]-[ 0.6396044], sd=0.12310346063980081
AUC=0.6512500000000001, 95%CI=[ 0.61922891]-[ 0.68327109],sd=0.16057003005590487
SENSITIVITY=0.641958263958264, 95%CI=[ 0.61668144]-[ 0.66723508],sd=0.1267508526022167
SPECIFICITY=0.6110544217687075, 95%CI=[ nan]-[ nan],sd=0.1977587701407173
