ACC=0.524537037037037, 95%CI=0.4815556835192615-0.5675183905548126
AUC=0.5622354497354498, 95%CI=0.5252529633390608-0.5992179361318388
SENSITIVITY=0.5692472342472342, 95%CI=0.5331030623691944-0.6053914061252741
SPECIFICITY=0.47355921855921856, 95%CI=0.4036290554903706-0.5434893816280665
ACC=0.5816666666666667, 95%CI=0.40894184525234456-0.7543914880809888
AUC=0.5666666666666667, 95%CI=0.3078851836848246-0.8254481496485087
SENSITIVITY=0.6433333333333333, 95%CI=0.4725627095636048-0.8141039571030618
SPECIFICITY=nan, 95%CI=nan-nan
