ACC=0.6008333333333334, 95%CI=0.5669190637478694-0.6347476029187975, sd=0.24261165814252758
AUC=0.6625, 95%CI=0.603606145277009-0.721393854722991, sd=0.4213074886588179
SENSITIVITY=0.6215277777777778, 95%CI=nan-nan, sd=0.24881567468536986
SPECIFICITY=0.6546184738955823, 95%CI=nan-nan, sd=0.4185964408287673
