ACC=0.6305555555555553,  95%CI=[ 0.58282767]-[ 0.67828344], sd=0.18321123880562393
AUC=0.6583333333333334, 95%CI=[ 0.59260224]-[ 0.72406443],sd=0.252319486874855
SENSITIVITY=0.6629943502824858, 95%CI=[ nan]-[ nan],sd=0.19953023447343088
SPECIFICITY=0.6375757575757577, 95%CI=[ nan]-[ nan],sd=0.3173313308731412
