ACC=0.7958730158730156,  95%CI=[ 0.74909709]-[ 0.84264894], sd=0.17955699804094927
AUC=0.8541666666666666, 95%CI=[ 0.80389509]-[ 0.90443824],sd=0.19297560294849017
SENSITIVITY=0.8363888888888888, 95%CI=[ 0.79120859]-[ 0.88156919],sd=0.17343190751188167
SPECIFICITY=0.7980225988700564, 95%CI=[ nan]-[ nan],sd=0.2684804969957201
