ACC=0.611111111111111,  95%CI=[ 0.56708218]-[ 0.65514005], sd=0.16901221777021314
AUC=0.6407407407407407, 95%CI=[ 0.58205862]-[ 0.69942286],sd=0.22526086082225055
SENSITIVITY=0.6218253968253968, 95%CI=[ 0.57353909]-[ 0.67011171],sd=0.18535484480672001
SPECIFICITY=0.6385057471264367, 95%CI=[ nan]-[ nan],sd=0.254766945122643
