ACC=0.8055555555555555,  95%CI=[ 0.7661535]-[ 0.84495761], sd=0.15125118557824896
AUC=0.8819444444444444, 95%CI=[ 0.83824853]-[ 0.92564036],sd=0.16773385186577097
SENSITIVITY=0.8391666666666666, 95%CI=[ 0.79962836]-[ 0.87870498],sd=0.15177422925736328
SPECIFICITY=0.8132183908045977, 95%CI=[ nan]-[ nan],sd=0.23072762259937732
