ACC=0.8058730158730156,  95%CI=[ 0.76701287]-[ 0.84473316]
AUC=0.8736111111111112, 95%CI=[ 0.83329015]-[ 0.91393207]
SENSITIVITY=0.8516666666666667, 95%CI=[ 0.81087001]-[ 0.89246332]
SPECIFICITY=nan, 95%CI=[ nan]-[ nan]
