ACC=0.6405555555555557,  95%CI=[ 0.58864518]-[ 0.69246593], sd=0.19926640149667002
AUC=0.6888888888888889, 95%CI=[ 0.62662852]-[ 0.75114926],sd=0.23899653044298785
SENSITIVITY=0.6929378531073446, 95%CI=[ nan]-[ nan],sd=0.20502637260499956
SPECIFICITY=0.6375757575757575, 95%CI=[ nan]-[ nan],sd=0.322853723982042
