ACC=0.615,  95%CI=[ 0.56373929]-[ 0.66626071]
AUC=0.6824074074074075, 95%CI=[ 0.61692818]-[ 0.74788664]
SENSITIVITY=0.6927777777777777, 95%CI=[ 0.62743724]-[ 0.75811831]
SPECIFICITY=nan, 95%CI=[ nan]-[ nan]
