ACC=0.5892857142857142,  95%CI=[ 0.53965718]-[ 0.63891425], sd=0.1905071899377801
AUC=0.5907407407407408, 95%CI=[ 0.52989732]-[ 0.65158416],sd=0.23355735865204774
SENSITIVITY=0.5985472154963679, 95%CI=[ nan]-[ nan],sd=0.18322246312117108
SPECIFICITY=0.6080357142857142, 95%CI=[ nan]-[ nan],sd=0.31492300443837024
