ACC=0.5809523809523809,  95%CI=[ 0.53766463]-[ 0.62424013]
AUC=0.6550925925925924, 95%CI=[ 0.59584176]-[ 0.71434343]
SENSITIVITY=0.6212301587301587, 95%CI=[ 0.56613235]-[ 0.67632797]
SPECIFICITY=nan, 95%CI=[ nan]-[ nan]
