RF_ACC=0.7090643274853802, 95%CI=0.6981658032196322-0.7199628517511282
RF_AUC=0.6171768971768972, 95%CI=0.5866793299120088-0.6476744644417856
RF_SENSITIVITY=nan, 95%CI=nan-nan
RF_SPECIFICITY=0.7314647814516527, 95%CI=0.7234070092508695-0.7395225536524359
