RF_ACC=0.7360892691951896, 95%CI=0.7179809806782748-0.7541975577121044
RF_AUC=0.7942544543933433, 95%CI=0.7716936852104581-0.8168152235762285
RF_SENSITIVITY=0.7825545568695724, 95%CI=0.7452007323310377-0.8199083814081072
RF_SPECIFICITY=0.7232167085338285, 95%CI=0.7093010986960403-0.7371323183716166
