RF_ACC=0.7265594541910331, 95%CI=0.7121675787191603-0.7409513296629059
RF_AUC=0.7498407148407149, 95%CI=0.7171349324710787-0.7825464972103511
RF_SENSITIVITY=nan, 95%CI=nan-nan
RF_SPECIFICITY=0.7519353411333738, 95%CI=0.7372858469742959-0.7665848352924517
