RF_ACC=0.7255550416281221, 95%CI=0.7045310111122971-0.7465790721439471
RF_AUC=0.800659962465518, 95%CI=0.7766634683933352-0.8246564565377007
RF_SENSITIVITY=0.7240478636144271, 95%CI=0.6926479912963236-0.7554477359325306
RF_SPECIFICITY=0.7351214458270365, 95%CI=0.71424350350856-0.755999388145513
