RF_ACC=0.7589696223316913, 95%CI=0.7435721104454275-0.7743671342179551
RF_AUC=0.8061470398970398, 95%CI=0.7884278292329834-0.8238662505610963
RF_SENSITIVITY=0.7588007931156405, 95%CI=0.7176808072640758-0.7999207789672053
RF_SPECIFICITY=0.765928249418534, 95%CI=0.7526037909069361-0.7792527079301319
