RF_ACC=0.7079172094369661, 95%CI=0.6873755020258869-0.7284589168480453
RF_AUC=0.7595540262206931, 95%CI=0.7358458385856368-0.7832622138557495
RF_SENSITIVITY=0.7445126371213326, 95%CI=0.7110422294094703-0.777983044833195
RF_SPECIFICITY=0.6988762594587786, 95%CI=0.6789900094828628-0.7187625094346944
