RF_ACC=0.7726395730706076, 95%CI=0.7572813007361886-0.7879978454050266
RF_AUC=0.7961586586586585, 95%CI=0.7801474390653678-0.8121698782519493
RF_SENSITIVITY=0.8049601532225371, 95%CI=0.7681050292038788-0.8418152772411954
RF_SPECIFICITY=0.7699169487509422, 95%CI=0.7543133665491168-0.7855205309527675
