RF_ACC=0.7511579699296949, 95%CI=0.7348224693468576-0.7674934705125321
RF_AUC=0.7697673864340532, 95%CI=0.7474849824335363-0.79204979043457
RF_SENSITIVITY=0.7875194250194252, 95%CI=0.7489581873573647-0.8260806626814856
RF_SPECIFICITY=0.7473746278092629, 95%CI=0.7332349996017238-0.761514256016802
