RF_ACC=0.7199805068226119, 95%CI=0.7047982678203919-0.735162745824832
RF_AUC=0.6419960286626955, 95%CI=0.6004088361187314-0.6835832212066595
RF_SENSITIVITY=nan, 95%CI=nan-nan
RF_SPECIFICITY=0.7352462083528571, 95%CI=0.7269293255763625-0.7435630911293518
