RF_ACC=0.9732142857142857, 95%CI=0.9670727074230956-0.9793558640054758
RF_AUC=0.9948667417417418, 95%CI=0.9917975697673658-0.9979359137161179
RF_SENSITIVITY=0.9513125763125764, 95%CI=0.9312154784414708-0.971409674183682
RF_SPECIFICITY=0.9822998996683208, 95%CI=0.9753511185099834-0.9892486808266582
