RF_ACC=0.9705701754385966, 95%CI=0.9586293474570495-0.9825110034201436
RF_AUC=0.9937856125356124, 95%CI=0.9905112420049056-0.9970599830663192
RF_SENSITIVITY=0.9543909793909794, 95%CI=0.937459069744318-0.9713228890376407
RF_SPECIFICITY=0.9793461327944086, 95%CI=0.9668816955913359-0.9918105699974814
