RF_ACC=0.9686009896536212, 95%CI=0.9569622077678057-0.9802397715394366
RF_AUC=0.9945611744222856, 95%CI=0.9921178508389156-0.9970044980056557
RF_SENSITIVITY=0.9507478632478634, 95%CI=0.9351449462319844-0.9663507802637424
RF_SPECIFICITY=0.978368630092768, 95%CI=0.9651050446275621-0.9916322155579739
