RF_ACC=0.9713775510204081, 95%CI=0.9636773343089003-0.9790777677319159
RF_AUC=0.9925138279304947, 95%CI=0.9882954963286638-0.9967321595323256
RF_SENSITIVITY=0.9514485514485516, 95%CI=0.9311627330518081-0.971734369845295
RF_SPECIFICITY=0.9799145776777356, 95%CI=0.9708885858839148-0.9889405694715564
