RF_ACC=0.8202654071075126, 95%CI=0.7998216336016076-0.8407091806134176
RF_AUC=0.8665360873694206, 95%CI=0.8389287303249906-0.8941434444138505
RF_SENSITIVITY=0.7787390387390387, 95%CI=0.7312693930829385-0.826208684395139
RF_SPECIFICITY=0.8396501303596224, 95%CI=0.8227719102094301-0.8565283505098148
