RF_ACC=0.9677912730544308, 95%CI=0.9573095274195824-0.9782730186892792
RF_AUC=0.991130500158278, 95%CI=0.9868874822901922-0.9953735180263638
RF_SENSITIVITY=0.9482983682983683, 95%CI=0.9332378340500337-0.963358902546703
RF_SPECIFICITY=0.9781078223606959, 95%CI=0.9661580172469179-0.990057627474474
