RF_ACC=0.8528061224489797, 95%CI=0.8382763832379745-0.8673358616599849
RF_AUC=0.8768455955955956, 95%CI=0.8546435409352312-0.89904765025596
RF_SENSITIVITY=0.8268217893217893, 95%CI=0.7744319656905326-0.879211612953046
RF_SPECIFICITY=0.861339012425901, 95%CI=0.8510677324236982-0.871610292428104
