RF_ACC=0.8262626262626261, 95%CI=0.8041438106570505-0.8483814418682017
RF_AUC=0.8996461640211639, 95%CI=0.8781057638998736-0.9211865641424543
RF_SENSITIVITY=0.7654267541883641, 95%CI=0.724841346230073-0.8060121621466553
RF_SPECIFICITY=0.8832002781323012, 95%CI=0.8605300848162943-0.905870471448308
