RF_ACC=0.8246753246753246, 95%CI=0.8057101892980438-0.8436404600526053
RF_AUC=0.8937964812964814, 95%CI=0.8747016561531201-0.9128913064398426
RF_SENSITIVITY=0.7547318751653119, 95%CI=0.7230067216749744-0.7864570286556495
RF_SPECIFICITY=0.8829488698722444, 95%CI=0.8596364912692421-0.9062612484752467
