RF_ACC=0.5683712121212121, 95%CI=0.5477980593486189-0.5889443648938053
RF_AUC=0.4730588624338624, 95%CI=0.43597041152590116-0.5101473133418236
RF_SENSITIVITY=nan, 95%CI=nan-nan
RF_SPECIFICITY=0.6169979711389147, 95%CI=0.6067709879628287-0.6272249543150008
RF_ACC=0.8588860544217686, 95%CI=0.842176983406619-0.8755951254369182
RF_AUC=0.8636939022355687, 95%CI=0.8361145475534699-0.8912732569176676
RF_SENSITIVITY=0.8317938542938544, 95%CI=0.7778092039469346-0.8857785046407742
RF_SPECIFICITY=0.8702656533178669, 95%CI=0.855369001918718-0.8851623047170157
