RF_ACC=0.8232007575757575, 95%CI=0.795003835718759-0.851397679432756
RF_AUC=0.9007738095238095, 95%CI=0.8765285977295603-0.9250190213180587
RF_SENSITIVITY=0.7651732039889935, 95%CI=0.7185592620496486-0.8117871459283383
RF_SPECIFICITY=0.8744548920018028, 95%CI=0.8471050253535438-0.9018047586500618
