RF_ACC=0.8185569985569986, 95%CI=0.7982528069907348-0.8388611901232624
RF_AUC=0.879669867169867, 95%CI=0.858505886416426-0.9008338479233079
RF_SENSITIVITY=0.7375309245278286, 95%CI=0.7016695428422598-0.7733923062133975
RF_SPECIFICITY=0.8926681491309972, 95%CI=0.8689178362827412-0.9164184619792533
