ACC=0.9773526077097505, 95%CI=0.9705315562096835-0.9841736592098176
AUC=0.9895103436770103, 95%CI=0.9837534712445265-0.9952672161094941
SENSITIVITY=0.9215384615384615, 95%CI=0.8997473983591419-0.9433295247177812
SPECIFICITY=0.9990476190476191, 95%CI=0.997099781293207-1.0009954568020312
ACC=0.9786706349206348, 95%CI=0.9709254260072375-0.986415843834032
AUC=0.9889326826826826, 95%CI=0.9836857990013509-0.9941795663640144
SENSITIVITY=0.9297619047619048, 95%CI=0.9051775866128285-0.954346222910981
SPECIFICITY=0.9981704260651629, 95%CI=0.9955681723578328-1.000772679772493
