ACC=0.978272604588394, 95%CI=0.9719802220580698-0.9845649871187183
AUC=0.9852128838239952, 95%CI=0.9799033504020568-0.9905224172459336
SENSITIVITY=0.9393467643467643, 95%CI=0.9225905947599022-0.9561029339336264
SPECIFICITY=0.9987179487179486, 95%CI=0.9960958594331631-1.0013400380027342
ACC=0.9773954116059379, 95%CI=0.9712868477094713-0.9835039755024045
AUC=0.9893122823678381, 95%CI=0.984746211601851-0.9938783531338251
SENSITIVITY=0.9373626373626375, 95%CI=0.919749624716423-0.954975650008852
SPECIFICITY=0.9987654320987654, 95%CI=0.996240457231935-1.001290406965596
