ACC=0.6047270955165692, 95%CI=0.5712824547330934-0.6381717363000451
AUC=0.643031598031598, 95%CI=0.6019417358870349-0.6841214601761612
SENSITIVITY=0.3738648042131015, 95%CI=0.33341026086429787-0.4143193475619051
SPECIFICITY=0.7943982061932324, 95%CI=0.7650755798666082-0.8237208325198566
ACC=0.6089181286549707, 95%CI=0.5760708583664995-0.641765398943442
AUC=0.6524782008115341, 95%CI=0.6153670168762869-0.6895893847467812
SENSITIVITY=0.3809382509189011, 95%CI=0.3452122828699284-0.4166642189678738
SPECIFICITY=0.8011755875292353, 95%CI=0.7722262642915758-0.8301249107668949
