ACC=0.73381192825573, 95%CI=0.7123682593159554-0.7552555971955047
AUC=0.8011262605707048, 95%CI=0.7821900923921205-0.8200624287492891
SENSITIVITY=0.7360975713226016, 95%CI=0.7010529054232347-0.7711422372219684
SPECIFICITY=0.7434843371805795, 95%CI=0.7228660062701929-0.764102668090966
ACC=0.7481652790625964, 95%CI=0.7305478652899952-0.7657826928351977
AUC=0.8173899968344414, 95%CI=0.7994434141105455-0.8353365795583372
SENSITIVITY=0.7619456723502805, 95%CI=0.7293512895800881-0.794540055120473
SPECIFICITY=0.7563160316868771, 95%CI=0.7351115192005528-0.7775205441732014
