ACC=0.7774835796387519, 95%CI=0.7565822779416592-0.7983848813358446
AUC=0.8318686543686542, 95%CI=0.8175755988083135-0.8461617099289949
SENSITIVITY=0.7037954873664479, 95%CI=0.6684923085694581-0.7390986661634378
SPECIFICITY=0.8252613170258889, 95%CI=0.8098048030692003-0.8407178309825775
ACC=0.7521551724137931, 95%CI=0.7342187353985816-0.7700916094290047
AUC=0.8187387387387388, 95%CI=0.8028591507290551-0.8346183267484225
SENSITIVITY=0.6598753973940854, 95%CI=0.6331047853117271-0.6866460094764437
SPECIFICITY=0.8094131216556663, 95%CI=0.7918093245716276-0.827016918739705
