ACC=0.8515782828282829, 95%CI=0.8287805797496479-0.8743759859069178
AUC=0.8721957671957671, 95%CI=0.8399092512151316-0.9044822831764026
SENSITIVITY=0.7436499525586214, 95%CI=0.7080086989115836-0.7792912062056593
SPECIFICITY=0.9621909348534736, 95%CI=0.9444485047685752-0.979933364938372
ACC=0.8535669191919193, 95%CI=0.8283231481332048-0.8788106902506337
AUC=0.8672023809523809, 95%CI=0.8352801911002338-0.899124570804528
SENSITIVITY=0.7463799676415775, 95%CI=0.7110073421201265-0.7817525931630286
SPECIFICITY=0.9612685103281078, 95%CI=0.9425620955667214-0.9799749250894941
