ACC=0.6563636363636364,  95%CI=[ 0.60598674]-[ 0.70674053]
AUC=0.7316666666666668, 95%CI=[ 0.67555212]-[ 0.78778122]
SENSITIVITY=0.6643987493987495, 95%CI=[ 0.62791962]-[ 0.70087788]
SPECIFICITY=nan, 95%CI=[ nan]-[ nan]
