ACC=0.6203030303030302,  95%CI=[ 0.5729404]-[ 0.66766566], sd=0.12470755505717336
AUC=0.6958333333333333, 95%CI=[ 0.62154658]-[ 0.77012008],sd=0.19559974248259954
SENSITIVITY=0.6320634920634921, 95%CI=[ 0.59238841]-[ 0.67173857],sd=0.10446594196670116
SPECIFICITY=0.664047619047619, 95%CI=[ 0.57226406]-[ 0.75583118],sd=0.24166948156934392
