ACC=0.8515345765345763,  95%CI=[ 0.81800148]-[ 0.88506768], sd=0.08829388465279157
AUC=0.9260119047619048, 95%CI=[ 0.90024185]-[ 0.95178196],sd=0.06785351389627926
SENSITIVITY=0.8536904761904762, 95%CI=[ 0.818762]-[ 0.88861895],sd=0.09196795067553222
SPECIFICITY=0.8800000000000001, 95%CI=[ 0.82723288]-[ 0.93276712],sd=0.13893776917636078
