ACC=0.8548174048174048,  95%CI=[ 0.82595963]-[ 0.88367518]
AUC=0.9376190476190477, 95%CI=[ 0.91456642]-[ 0.96067167]
SENSITIVITY=0.8615608465608466, 95%CI=[ 0.82733606]-[ 0.89578563]
SPECIFICITY=0.8838888888888888, 95%CI=[ 0.83603039]-[ 0.93174738]
