ACC=0.6054945054945056,  95%CI=[ 0.55614401]-[ 0.654845], sd=0.12994166681610123
AUC=0.6622519841269842, 95%CI=[ 0.60850411]-[ 0.71599985],sd=0.14152011734657413
SENSITIVITY=0.6191269841269843, 95%CI=[ 0.57815044]-[ 0.66010353],sd=0.1078927510123106
SPECIFICITY=0.6003968253968254, 95%CI=[ 0.52976876]-[ 0.67102489],sd=0.18596628541122662
