ACC=0.6163003663003663,  95%CI=[ 0.56155444]-[ 0.67104629]
AUC=0.656746031746032, 95%CI=[ 0.59392434]-[ 0.71956772]
SENSITIVITY=0.6267105117105117, 95%CI=[ 0.58152839]-[ 0.67189264]
SPECIFICITY=0.5973809523809523, 95%CI=[ 0.50442945]-[ 0.69033246]
