ACC=0.902963768115942,  95%CI=[ 0.88949384]-[ 0.9164337], sd=0.0469201264615811
AUC=0.9596666666666667, 95%CI=[ 0.94997455]-[ 0.96935878],sd=0.03376077042295577
SENSITIVITY=0.8970348164906988, 95%CI=[ 0.87960995]-[ 0.91445968],sd=0.060696426720360463
SPECIFICITY=0.9281356421356421, 95%CI=[ 0.90761398]-[ 0.9486573],sd=0.07148357737450478
