ACC=0.6751948051948052,  95%CI=[ 0.65351322]-[ 0.69687639], sd=0.07552395642098197
AUC=0.7669166666666666, 95%CI=[ 0.74243003]-[ 0.79140331],sd=0.08529487754324172
SENSITIVITY=0.6867464055552291, 95%CI=[ 0.66777992]-[ 0.70571289],sd=0.06606638449646961
SPECIFICITY=0.6766791541791543, 95%CI=[ 0.63930137]-[ 0.71405694],sd=0.13019891550334253
