ACC=0.5950909090909091, 95%CI=0.5555613100123706-0.6346205081694476, sd=0.13769436884014055
AUC=0.6425, 95%CI=0.5914464124780947-0.6935535875219052, sd=0.17783614493247554
SENSITIVITY=0.6298744588744589, 95%CI=0.5913069056115804-0.6684420121373374, sd=0.1343432523484352
SPECIFICITY=0.5516156462585035, 95%CI=nan-nan, sd=0.2500674541096599
