ACC=0.684259259259259,  95%CI=[ 0.6564161]-[ 0.71210242], sd=0.07331205265487988
AUC=0.7920833333333331, 95%CI=[ 0.76821091]-[ 0.81595576],sd=0.06285696670925896
SENSITIVITY=0.7395946454073389, 95%CI=[ 0.70985251]-[ 0.76933678],sd=0.07831213372111681
SPECIFICITY=0.6328781512605042, 95%CI=[ 0.60425465]-[ 0.66150165],sd=0.07536673203071767
