ACC=0.873760683760684,  95%CI=[ 0.85330787]-[ 0.8942135], sd=0.0538530045838689
AUC=0.952841938405797, 95%CI=[ 0.93983738]-[ 0.96584649],sd=0.03424146860845919
SENSITIVITY=0.9192698772256361, 95%CI=[ 0.89946416]-[ 0.93907559],sd=0.05214917497140453
SPECIFICITY=0.8217706313294549, 95%CI=[ 0.79365446]-[ 0.84988681],sd=0.07403092504796262
