ACC=0.8797598870056497,  95%CI=[ 0.86141382]-[ 0.89810595], sd=0.038207222435199
AUC=0.9501645171957673, 95%CI=[ 0.93803661]-[ 0.96229243],sd=0.025257397951973123
SENSITIVITY=0.8692905458773297, 95%CI=[ 0.85005962]-[ 0.88852148],sd=0.040050033319081885
SPECIFICITY=0.9057615895848665, 95%CI=[ 0.87719271]-[ 0.93433047],sd=0.059497104463564245
