ACC=0.6935185185185186,  95%CI=[ 0.67042048]-[ 0.71661656], sd=0.048103611880964965
AUC=0.7749652777777778, 95%CI=[ 0.75850522]-[ 0.79142533],sd=0.034279451241114936
SENSITIVITY=0.7106258009354438, 95%CI=[ 0.68539641]-[ 0.73585519],sd=0.0525423225775892
SPECIFICITY=0.6766457748259975, 95%CI=[ 0.64565925]-[ 0.7076323],sd=0.06453205524424464
