ACC=0.6006666666666667, 95%CI=0.5589496230897735-0.6423837102435599, sd=0.2091905032898642
AUC=0.6416666666666667, 95%CI=0.5938310773095455-0.6895022560237879, sd=0.2398720080520309
SENSITIVITY=0.6869047619047619, 95%CI=nan-nan, sd=0.25997394340042146
SPECIFICITY=0.5670289855072462, 95%CI=nan-nan, sd=0.2838441501516269
