ACC=0.5622685185185186, 95%CI=0.5347710230081398-0.5897660140288973, sd=0.07240191617427295
AUC=0.5205753968253969, 95%CI=0.45068124503576523-0.5904695486150285, sd=0.18403387017682377
SENSITIVITY=0.5707315369815369, 95%CI=0.5486167850229822-0.5928462889400916, sd=0.05822895459383864
SPECIFICITY=0.4747354497354498, 95%CI=nan-nan, sd=0.23965479825908392
ACC=0.5747685185185186, 95%CI=0.5516885550126102-0.5978484820244271, sd=0.06077039206822843
AUC=0.535813492063492, 95%CI=0.4781345916847889-0.5934923924421952, sd=0.1518706643180245
SENSITIVITY=0.5803159803159803, 95%CI=0.5611547875147279-0.5994771731172327, sd=0.05045212479339196
SPECIFICITY=0.5986772486772486, 95%CI=nan-nan, sd=0.20789821867001815
