ACC=0.8743650793650792,  95%CI=[ 0.84318232]-[ 0.90554784], sd=0.1197000902882549
AUC=0.9465277777777777, 95%CI=[ 0.92265684]-[ 0.97039871],sd=0.09163246415792997
SENSITIVITY=0.8805555555555554, 95%CI=[ 0.84684799]-[ 0.91426312],sd=0.129391977922193
SPECIFICITY=0.9310344827586207, 95%CI=[ nan]-[ nan],sd=0.1402463717461199
