ACC=0.8403968253968253,  95%CI=[ 0.80610953]-[ 0.87468412]
AUC=0.9333333333333335, 95%CI=[ 0.90571657]-[ 0.9609501]
SENSITIVITY=0.8627777777777778, 95%CI=[ 0.82687485]-[ 0.8986807]
SPECIFICITY=nan, 95%CI=[ nan]-[ nan]
