ACC=0.6616666666666666,  95%CI=[ 0.61133622]-[ 0.71199711], sd=0.19320158346103647
AUC=0.7342592592592593, 95%CI=[ 0.67273827]-[ 0.79578025],sd=0.2361583104602743
SENSITIVITY=0.6933333333333334, 95%CI=[ 0.63792261]-[ 0.74874406],sd=0.21270306201978523
SPECIFICITY=0.6814102564102564, 95%CI=[ nan]-[ nan],sd=0.3059707447566561
