ACC=0.5944444444444444,  95%CI=[ 0.54468248]-[ 0.64420641], sd=0.19101939738907764
AUC=0.6694444444444443, 95%CI=[ 0.61114155]-[ 0.72774734],sd=0.22380512632176508
SENSITIVITY=0.6139682539682539, 95%CI=[ 0.56834572]-[ 0.65959079],sd=0.1751295097209693
SPECIFICITY=0.5952380952380952, 95%CI=[ nan]-[ nan],sd=0.34121215828491697
