ACC=0.5880952380952381,  95%CI=[ 0.54027383]-[ 0.63591665]
AUC=0.6354166666666666, 95%CI=[ 0.57246132]-[ 0.69837202]
SENSITIVITY=0.6083333333333332, 95%CI=[ 0.56424403]-[ 0.65242264]
SPECIFICITY=nan, 95%CI=[ nan]-[ nan]
