ACC=0.8646825396825395,  95%CI=[ 0.82886612]-[ 0.90049896], sd=0.13748714408852758
AUC=0.9312500000000001, 95%CI=[ 0.9005601]-[ 0.9619399],sd=0.11780815580457099
SENSITIVITY=0.8738888888888888, 95%CI=[ 0.83545022]-[ 0.91232756],sd=0.14755308732875405
SPECIFICITY=0.9241071428571429, 95%CI=[ nan]-[ nan],sd=0.15128155065316862
