ACC=0.6855555555555556,  95%CI=[ 0.63824886]-[ 0.73286225], sd=0.18159444707885905
AUC=0.7476851851851853, 95%CI=[ 0.68933977]-[ 0.8060306],sd=0.22396835201057302
SENSITIVITY=0.6777777777777776, 95%CI=[ 0.62500721]-[ 0.73054834],sd=0.20256838503893929
SPECIFICITY=0.7622641509433963, 95%CI=[ nan]-[ nan],sd=0.29104652749633575
