ACC=0.5964285714285714,  95%CI=[ 0.54919911]-[ 0.64365804], sd=0.1812979678231675
AUC=0.6476851851851851, 95%CI=[ 0.59143876]-[ 0.70393161],sd=0.21591105580586742
SENSITIVITY=0.6084920634920634, 95%CI=[ 0.56957588]-[ 0.64740825],sd=0.14938609993273008
SPECIFICITY=0.5696969696969697, 95%CI=[ nan]-[ nan],sd=0.3328646843262669
