ACC=0.6644444444444445, 95%CI=0.595496127888303-0.733392761000586, sd=0.1815434512488898
AUC=0.6722222222222224, 95%CI=0.5727188118758032-0.7717256325686416, sd=0.26199613605670213
SENSITIVITY=0.7132183908045976, 95%CI=nan-nan, sd=0.23293806053309551
SPECIFICITY=0.6982758620689655, 95%CI=nan-nan, sd=0.2701760752538657
ACC=0.6244444444444444, 95%CI=0.5365573068354844-0.7123315820534043, sd=0.2314100630567967
AUC=0.6370370370370371, 95%CI=0.5142508037686135-0.7598232703054606, sd=0.32330066442231786
SENSITIVITY=0.6749999999999999, 95%CI=nan-nan, sd=0.2905079022502508
SPECIFICITY=0.6395061728395062, 95%CI=nan-nan, sd=0.27767213354584985
