ACC=0.6644444444444445, 95%CI=0.595496127888303-0.733392761000586, sd=0.1815434512488898
AUC=0.6722222222222224, 95%CI=0.5727188118758032-0.7717256325686416, sd=0.26199613605670213
SENSITIVITY=0.7132183908045976, 95%CI=nan-nan, sd=0.23293806053309551
SPECIFICITY=0.6982758620689655, 95%CI=nan-nan, sd=0.2701760752538657
