ACC=0.7036596736596737,  95%CI=[ 0.68052153]-[ 0.72679782], sd=0.11602643070706836
AUC=0.7588928571428571, 95%CI=[ 0.73373822]-[ 0.7840475],sd=0.12613818042616792
SENSITIVITY=0.7379072871572874, 95%CI=[ 0.7172906]-[ 0.75852397],sd=0.1033825657541457
SPECIFICITY=0.681202380952381, 95%CI=[ 0.64073207]-[ 0.72167269],sd=0.20293874776839685
