ACC=0.5661818181818181,  95%CI=[ 0.53806917]-[ 0.59429447], sd=0.1409711300377926
AUC=0.60525, 95%CI=[ 0.56634463]-[ 0.64415537],sd=0.1950913425666153
SENSITIVITY=0.6104170274170275, 95%CI=[ 0.58156588]-[ 0.63926817],sd=0.1446743247572173
SPECIFICITY=0.47655490767735664, 95%CI=[ nan]-[ nan],sd=0.2962855162440615
