ACC=0.5449074074074074, 95%CI=0.5083892157471561-0.5814255990676587
AUC=0.5198611111111111, 95%CI=0.47418327345284517-0.565538948769377
SENSITIVITY=0.5972703222703223, 95%CI=0.5536653139296736-0.640875330610971
SPECIFICITY=0.4883670033670034, 95%CI=0.4505885685368539-0.5261454381971529
