ACC=0.7394444444444445,  95%CI=[ 0.69846913]-[ 0.78041976], sd=0.19454679845765505
AUC=0.8546296296296296, 95%CI=[ 0.80727561]-[ 0.90198365],sd=0.22483228011967815
SENSITIVITY=0.8239700374531836, 95%CI=[ nan]-[ nan],sd=0.19410724374307026
SPECIFICITY=0.7113821138211381, 95%CI=[ nan]-[ nan],sd=0.3058250873789273
