ACC=0.6287037037037037,  95%CI=[ 0.56954896]-[ 0.68785845], sd=0.2808609754258266
AUC=0.625, 95%CI=[ 0.54640876]-[ 0.70359124],sd=0.3731435529539685
SENSITIVITY=0.6551724137931034, 95%CI=[ nan]-[ nan],sd=0.3009065734263887
SPECIFICITY=0.6481481481481481, 95%CI=[ nan]-[ nan],sd=0.37428486910014325
