ACC=0.5672222222222222,  95%CI=[ 0.51852706]-[ 0.61591739], sd=0.23119990281513614
AUC=0.6, 95%CI=[ 0.53526228]-[ 0.66473772],sd=0.3073683598582901
SENSITIVITY=0.6004016064257028, 95%CI=[ nan]-[ nan],sd=0.3007017217431034
SPECIFICITY=0.5668803418803419, 95%CI=[ nan]-[ nan],sd=0.31146759479119385
