ACC=0.6678333333333333,  95%CI=[ 0.64102386]-[ 0.69464281], sd=0.19178626703239784
AUC=0.7538888888888888, 95%CI=[ 0.72403505]-[ 0.78374273],sd=0.21356468936415934
SENSITIVITY=0.7123519458544838, 95%CI=[ nan]-[ nan],sd=0.2010890994974864
SPECIFICITY=0.6625886524822695, 95%CI=[ nan]-[ nan],sd=0.3235870008286433
