ACC=0.8809999999999999,  95%CI=[ 0.86186547]-[ 0.90013453], sd=0.13688218447374315
AUC=0.9534375, 95%CI=[ 0.93866522]-[ 0.96820978],sd=0.10567609505452132
SENSITIVITY=0.8917499999999999, 95%CI=[ 0.87244071]-[ 0.91105929],sd=0.13813235902970422
SPECIFICITY=0.9263385146804836, 95%CI=[ nan]-[ nan],sd=0.16604809728565534
