ACC=0.6526190476190475,  95%CI=[ 0.62614878]-[ 0.67908931], sd=0.18935967408030796
AUC=0.6967361111111111, 95%CI=[ 0.66606909]-[ 0.72740314],sd=0.21938192455041605
SENSITIVITY=0.6550357142857142, 95%CI=[ 0.62972387]-[ 0.68034755],sd=0.181072669527071
SPECIFICITY=0.7002645502645503, 95%CI=[ nan]-[ nan],sd=0.3094840113698619
