ACC=0.6026666666666666, 95%CI=0.5670528525023004-0.6382804808310327, sd=0.17858580259608794
AUC=0.6525, 95%CI=0.6058531315025407-0.6991468684974592, sd=0.2339111562374606
SENSITIVITY=0.6375420875420875, 95%CI=nan-nan, sd=0.18264092439382573
SPECIFICITY=0.598611111111111, 95%CI=nan-nan, sd=0.3934038503957134
