ACC=0.9795430839002268,  95%CI=[0.97319648]-[0.98588968]
AUC=0.9950482533815866, 95%CI=[0.99160231]-[0.99849419]
SENSITIVITY=0.9570512820512821, 95%CI=[0.93828565]-[0.97581691]
SPECIFICITY=0.9884254700044174, 95%CI=[0.98280238]-[0.99404856]
