ACC=0.9742982456140351,  95%CI=[0.96498163]-[0.98361486]
AUC=0.9926400759734093, 95%CI=[0.98864118]-[0.99663897]
SENSITIVITY=0.9600427350427352, 95%CI=[0.9448431]-[0.97524237]
SPECIFICITY=0.9816883733550399, 95%CI=[0.9724545]-[0.99092224]
