ACC=0.7074074074074073,  95%CI=[0.69927758]-[0.71553724]
AUC=0.6364814814814815, 95%CI=[0.60023647]-[0.67272649]
SENSITIVITY=nan, 95%CI=[nan]-[nan]
SPECIFICITY=0.7323086981655648, 95%CI=[0.72388096]-[0.74073644]
