ACC=0.7130988565639022,  95%CI=[0.6900637]-[0.73613401]
AUC=0.7538486205152871, 95%CI=[0.72634608]-[0.78135116]
SENSITIVITY=0.7290314473942825, 95%CI=[0.6900888]-[0.76797409]
SPECIFICITY=0.7115921777826046, 95%CI=[0.69224672]-[0.73093764]
