ACC=0.734577945936339,  95%CI=[0.71738194]-[0.75177396]
AUC=0.7635964969298303, 95%CI=[0.74307141]-[0.78412158]
SENSITIVITY=0.6827497944951505, 95%CI=[0.65017793]-[0.71532166]
SPECIFICITY=0.7605608379066132, 95%CI=[0.74461031]-[0.77651136]
