ACC=0.8025685425685425,  95%CI=[0.77681223]-[0.82832485]
AUC=0.8661967661967663, 95%CI=[0.84141771]-[0.89097582]
SENSITIVITY=0.7290279192485075, 95%CI=[0.6892752]-[0.76878064]
SPECIFICITY=0.8600876052504917, 95%CI=[0.83519843]-[0.88497678]
