ACC=0.638888888888889, 95%CI=0.6081918270069263-0.6695859507708516
AUC=0.7119791666666667, 95%CI=0.6770702783814483-0.7468880549518851
SENSITIVITY=0.6678798604241465, 95%CI=0.6367612212270887-0.6989984996212043
SPECIFICITY=nan, 95%CI=nan-nan
