ACC=0.798311965811966, 95%CI=0.7774562047370455-0.8191677268868864
AUC=0.8707899305555554, 95%CI=0.8529728706792903-0.8886069904318206
SENSITIVITY=0.806864922211319, 95%CI=0.7862514574952392-0.8274783869273988
SPECIFICITY=0.7974370047164164, 95%CI=0.7636793364716841-0.8311946729611488
