ACC=0.5854298801973221, 95%CI=0.5598796872648977-0.6109800731297466
AUC=0.6326570048309179, 95%CI=0.6059552981079331-0.6593587115539027
SENSITIVITY=0.6033621631416246, 95%CI=0.5817876315430621-0.6249366947401871
SPECIFICITY=nan, 95%CI=nan-nan
