ACC=0.5766666666666668,  95%CI=[ 0.51247666]-[ 0.64085667], sd=0.2464037638000175
AUC=0.6462962962962963, 95%CI=[ 0.57307151]-[ 0.71952109],sd=0.2810852474316842
SENSITIVITY=0.638611111111111, 95%CI=[ 0.56401107]-[ 0.71321115],sd=0.2863643701111153
SPECIFICITY=0.5248538011695906, 95%CI=[ nan]-[ nan],sd=0.3208195342520088
