ACC=0.7515079365079363,  95%CI=[ 0.70148415]-[ 0.80153173], sd=0.19202444506663574
AUC=0.8326388888888888, 95%CI=[ 0.78431954]-[ 0.88095824],sd=0.18548167815743627
SENSITIVITY=0.7903954802259887, 95%CI=[ nan]-[ nan],sd=0.21106856174558405
SPECIFICITY=0.7375, 95%CI=[ 0.66612794]-[ 0.80887206],sd=0.2739732516005762
