ACC=0.6428571428571429,  95%CI=[ 0.58922504]-[ 0.69648924], sd=0.205875524699868
AUC=0.6652777777777779, 95%CI=[ 0.60169111]-[ 0.72886445],sd=0.2440877553350982
SENSITIVITY=0.6666666666666667, 95%CI=[ 0.60900634]-[ 0.72432699],sd=0.2213385206888777
SPECIFICITY=0.6562146892655368, 95%CI=[ nan]-[ nan],sd=0.2980776182913131
