ACC=0.6721500721500722,  95%CI=[ 0.62051838]-[ 0.72378177]
AUC=0.7229012345679012, 95%CI=[ 0.64983728]-[ 0.79596519]
SENSITIVITY=0.7427664927664926, 95%CI=[ 0.67592794]-[ 0.80960505]
SPECIFICITY=0.6266117216117216, 95%CI=[ 0.56810065]-[ 0.6851228]
