ACC=0.7064927536231885,  95%CI=[ 0.64760037]-[ 0.76538514]
AUC=0.7824126984126986, 95%CI=[ 0.72452555]-[ 0.84029984]
SENSITIVITY=0.7648767898767898, 95%CI=[ 0.72320704]-[ 0.80654654]
SPECIFICITY=0.6448075073075074, 95%CI=[ 0.57007554]-[ 0.71953947]
