ACC=0.58005698005698,  95%CI=[ 0.54387578]-[ 0.61623818]
AUC=0.6389153439153439, 95%CI=[ 0.59601103]-[ 0.68181965]
SENSITIVITY=0.619511560564192, 95%CI=[ 0.58262754]-[ 0.65639558]
SPECIFICITY=0.546084471084471, 95%CI=[ 0.50037158]-[ 0.59179736]
