ACC=0.55, 95%CI=0.5085112369356791-0.591488763064321, sd=0.14451877016889356
AUC=0.5555, 95%CI=0.506123326135553-0.604876673864447, sd=0.17199491271546377
SENSITIVITY=0.6211111111111111, 95%CI=0.5729042924494112-0.6693179297728109, sd=0.16791992896830799
SPECIFICITY=0.4671666666666666, 95%CI=0.4076325436257449-0.5267007897075883, sd=0.2073765909005034
