ACC=0.5601851851851852, 95%CI=0.5589418897745954-0.5614284805957751, sd=0.003273642505493264
AUC=0.44866071428571425, 95%CI=0.39931783458264325-0.49800359398878524, sd=0.1299216155416978
SENSITIVITY=0.5601851851851852, 95%CI=0.5589418897745954-0.5614284805957751, sd=0.003273642505493264
SPECIFICITY=nan, 95%CI=nan-nan, sd=nan
