ACC=0.6199999999999999,  95%CI=[ 0.59507813]-[ 0.64492187], sd=0.1782829415738809
AUC=0.6586805555555556, 95%CI=[ 0.6254114]-[ 0.69194971],sd=0.23799670890387134
SENSITIVITY=0.6594759511844938, 95%CI=[ nan]-[ nan],sd=0.2077120376930908
SPECIFICITY=0.6133943833943835, 95%CI=[ nan]-[ nan],sd=0.25981269399558604
