ACC=0.5766666666666665, 95%CI=0.4979412861655219-0.6553920471678112
AUC=0.638888888888889, 95%CI=0.5185638561325894-0.7592139216451885
SENSITIVITY=0.5883333333333333, 95%CI=0.5252322679455471-0.6514343987211194
SPECIFICITY=nan, 95%CI=nan-nan
