ACC=0.5523333333333333, 95%CI=0.524588914921091-0.5800777517455756, sd=0.13912464435414262
AUC=0.5625, 95%CI=0.5151422990317481-0.6098577009682519, sd=0.2374756322781896
SENSITIVITY=0.5660000000000001, 95%CI=0.5372739469839272-0.594726053016073, sd=0.14404706021143074
SPECIFICITY=0.5018939393939393, 95%CI=nan-nan, sd=0.3519824072503825
