ACC=0.7316666666666667, 95%CI=0.5764740873406113-0.886859245992722
AUC=0.7694444444444445, 95%CI=0.604502965509333-0.934385923379556
SENSITIVITY=0.7283333333333334, 95%CI=0.5839378248096849-0.8727288418569819
SPECIFICITY=nan, 95%CI=nan-nan
