ACC=0.55, 95%CI=0.5393234927576299-0.5606765072423702, sd=0.07637626158259732
AUC=0.45375, 95%CI=0.39685196819631524-0.5106480318036848, sd=0.4070300203916168
SENSITIVITY=0.55, 95%CI=0.5393234927576299-0.5606765072423702, sd=0.07637626158259732
SPECIFICITY=nan, 95%CI=nan-nan, sd=nan
