ACC=0.5604040404040405, 95%CI=0.5545743203560726-0.5662337604520084, sd=0.020306798986875256
AUC=0.5049166666666668, 95%CI=0.4611283407656854-0.5487049925676482, sd=0.15252889070599052
SENSITIVITY=0.5604040404040405, 95%CI=0.5545743203560726-0.5662337604520084, sd=0.020306798986875256
SPECIFICITY=nan, 95%CI=nan-nan, sd=nan
