ACC=0.5706060606060606, 95%CI=0.5229256861245831-0.618286435087538
AUC=0.5833333333333334, 95%CI=0.5260594758381123-0.6406071908285544
SENSITIVITY=0.6224206349206348, 95%CI=0.5684559048089002-0.6763853650323695
SPECIFICITY=0.515899470899471, 95%CI=0.4477560086454744-0.5840429331534676
