ACC=0.7288267288267287, 95%CI=0.6825267168812681-0.7751267407721893
AUC=0.7916071428571427, 95%CI=0.7470972614932178-0.8361170242210677
SENSITIVITY=0.7437830687830688, 95%CI=0.6999896528681137-0.7875764846980239
SPECIFICITY=0.7223809523809525, 95%CI=0.6434955273010229-0.801266377460882
