ACC=0.6036630036630036, 95%CI=0.5678309714979927-0.6394950358280146
AUC=0.6296130952380952, 95%CI=0.5719678709241274-0.687258319552063
SENSITIVITY=0.6225591075591077, 95%CI=0.5888397447641087-0.6562784703541067
SPECIFICITY=nan, 95%CI=nan-nan
