ACC=0.6718333333333334,  95%CI=[ 0.64568093]-[ 0.69798573], sd=0.1870857646464138
AUC=0.7736111111111111, 95%CI=[ 0.74465275]-[ 0.80256948],sd=0.20715872574989685
SENSITIVITY=0.7238693467336682, 95%CI=[ nan]-[ nan],sd=0.20262388994021271
SPECIFICITY=0.6537433155080213, 95%CI=[ nan]-[ nan],sd=0.3082268854284947
