ACC=0.8855000000000001,  95%CI=[ 0.86704153]-[ 0.90395847], sd=0.13204590823681803
AUC=0.9640625, 95%CI=[ 0.95228698]-[ 0.97583802],sd=0.08423825080867689
SENSITIVITY=0.8985, 95%CI=[ 0.87972491]-[ 0.91727509],sd=0.13431089556200074
SPECIFICITY=0.9239690721649485, 95%CI=[ nan]-[ nan],sd=0.17376531277327506
